0.000000 9.999893 0.010000 0.999989
0.020202 9.466218 0.010000 0.946622
0.040404 9.203580 0.010000 0.920358
0.060606 8.767214 0.010000 0.876721
0.080808 8.492726 0.010000 0.849273
0.101010 8.084442 0.010000 0.808444
0.121212 7.698066 0.010000 0.769807
0.141414 7.455497 0.010000 0.745550
0.161616 7.166249 0.010000 0.716625
0.181818 6.853371 0.010000 0.685337
0.202020 6.702288 0.010000 0.670229
0.222222 6.284525 0.010000 0.628453
0.242424 6.093312 0.010000 0.609331
0.262626 5.769560 0.010000 0.576956
0.282828 5.562828 0.010000 0.556283
0.303030 5.324675 0.010000 0.532468
0.323232 5.226761 0.010000 0.522676
0.343434 4.944143 0.010000 0.494414
0.363636 4.811942 0.010000 0.481194
0.383838 4.576757 0.010000 0.457676
0.404040 4.504412 0.010000 0.450441
0.424242 4.184966 0.010000 0.418497
0.444444 4.117920 0.010000 0.411792
0.464646 3.890911 0.010000 0.389091
0.484848 3.748949 0.010000 0.374895
0.505051 3.587208 0.010000 0.358721
0.525253 3.456254 0.010000 0.345625
0.545455 3.387471 0.010000 0.338747
0.565657 3.185998 0.010000 0.318600
0.585859 3.129231 0.010000 0.312923
0.606061 2.946041 0.010000 0.294604
0.626263 2.817179 0.010000 0.281718
0.646465 2.759492 0.010000 0.275949
0.666667 2.612109 0.010000 0.261211
0.686869 2.544873 0.010000 0.254487
0.707071 2.436613 0.010000 0.243661
0.727273 2.308531 0.010000 0.230853
0.747475 2.215706 0.010000 0.221571
0.767677 2.125930 0.010000 0.212593
0.787879 2.045375 0.010000 0.204537
0.808081 1.943681 0.010000 0.194368
0.828283 1.889088 0.010000 0.188909
0.848485 1.814460 0.010000 0.181446
0.868687 1.740968 0.010000 0.174097
0.888889 1.650895 0.010000 0.165089
0.909091 1.635288 0.010000 0.163529
0.929293 1.538158 0.010000 0.153816
0.949495 1.478524 0.010000 0.147852
0.969697 1.406561 0.010000 0.140656
0.989899 1.350722 0.010000 0.135072
1.010101 1.286369 0.010000 0.128637
1.030303 1.278078 0.010000 0.127808
1.050505 1.217067 0.010000 0.121707
1.070707 1.166619 0.010000 0.116662
1.090909 1.119830 0.010000 0.111983
1.111111 1.061006 0.010000 0.106101
1.131313 1.024125 0.010000 0.102413
1.151515 0.981684 0.010000 0.098168
1.171717 0.925605 0.010000 0.092561
1.191919 0.901525 0.010000 0.090153
1.212121 0.865589 0.010000 0.086559
1.232323 0.839862 0.010000 0.083986
1.252525 0.823252 0.010000 0.082325
1.272727 0.772852 0.010000 0.077285
1.292929 0.728932 0.010000 0.072893
1.313131 0.714088 0.010000 0.071409
1.333333 0.700261 0.010000 0.070026
1.353535 0.654734 0.010000 0.065473
1.373737 0.636129 0.010000 0.063613
1.393939 0.607093 0.010000 0.060709
1.414141 0.581001 0.010000 0.058100
1.434343 0.559861 0.010000 0.055986
1.454545 0.538159 0.010000 0.053816
1.474747 0.517758 0.010000 0.051776
1.494949 0.502186 0.010000 0.050219
1.515152 0.480378 0.010000 0.048038
1.535354 0.459100 0.010000 0.045910
1.555556 0.446401 0.010000 0.044640
1.575758 0.425131 0.010000 0.042513
1.595960 0.404525 0.010000 0.040452
1.616162 0.394390 0.010000 0.039439
1.636364 0.380509 0.010000 0.038051
1.656566 0.363943 0.010000 0.036394
1.676768 0.342982 0.010000 0.034298
1.696970 0.333337 0.010000 0.033334
1.717172 0.316814 0.010000 0.031681
1.737374 0.304689 0.010000 0.030469
1.757576 0.290596 0.010000 0.029060
1.777778 0.285616 0.010000 0.028562
1.797980 0.272431 0.010000 0.027243
1.818182 0.256932 0.010000 0.025693
1.838384 0.253917 0.010000 0.025392
1.858586 0.241131 0.010000 0.024113
1.878788 0.230652 0.010000 0.023065
1.898990 0.221174 0.010000 0.022117
1.919192 0.213924 0.010000 0.021392
1.939394 0.203762 0.010000 0.020376
1.959596 0.199579 0.010000 0.019958
1.979798 0.188722 0.010000 0.018872
2.000000 0.181475 0.010000 0.018148
