5.08133
5.00752
5.15588
5.02491
4.98793
5.02123
5.08818
4.99265
4.92544
4.96439
5.17901
5.01347
4.97952
5.08267
4.98738
5.00987
4.95396
5.03091
4.87789
5.16335
5.29521
5.03634
4.9723
4.94233
4.93065
4.94138
5.0424
5.0485
4.8956
5.00113
5.06399
4.94626
5.03285
5.07795
5.02163
5.01676
5.05974
5.03741
4.97477
4.96837
4.80812
5.02562
4.99218
5.14812
4.96891
5.06521
5.05208
4.98547
4.937
5.02874
5.01198
4.95768
5.05489
4.83387
5.05911
4.97282
5.01463
5.02748
4.91793
4.95765
4.92332
4.99891
4.88286
5.07498
5.00913
4.94623
4.91293
5.13013
4.85807
4.98562
5.1117
4.97896
5.0818
5.04461
5.05007
5.03567
5.09436
5.10518
4.9299
5.02909
5.1168
5.03674
5.00864
5.02161
5.08799
5.05783
4.95705
5.0997
4.95804
5.1714
5.06754
4.92723
5.06333
5.03813
4.89983
4.99651
5.00961
5.14601
5.01597
4.94934
5.05834
4.93895
5.0822
4.9445
4.92293
5.10871
4.92788
5.02425
5.07069
5.22323
4.79901
4.88873
5.09062
4.88154
5.01955
4.77743
4.93686
5.16614
5.10413
5.01508
5.13194
4.87521
4.96593
4.82277
4.85828
5.0259
5.0319
5.06552
4.97016
4.93256
4.98868
4.95652
5.04478
4.93246
5.30405
5.03053
5.15258
5.05399
4.92813
5.09364
4.93562
5.15644
4.98769
4.96002
5.02763
5.1752
5.05366
4.95509
5.07063
4.89034
4.99034
4.96219
4.96305
5.06631
4.86952
5.10967
4.90301
5.04607
4.99468
5.02289
4.91977
5.07414
4.87384
4.99895
4.95663
5.15247
4.99473
4.84165
4.94743
4.91771
4.96932
4.8963
4.90452
5.0567
4.96757
4.94338
5.06657
4.96977
5.10881
5.02698
4.92559
4.89749
4.97472
5.0083
4.90938
4.98802
4.9319
4.93785
5.07224
5.04927
4.89231
4.89799
5.20731
4.96182
4.97538
4.93352
5.03402
4.89908
4.93076
5.24945
4.90421
5.02602
5.12668
5.04741
4.87947
5.27215
4.96318
5.08402
4.90683
4.91058
4.90819
4.95812
4.98647
4.99893
5.17084
4.98369
4.97198
4.97975
5.04982
4.86549
5.11161
5.02424
4.96629
5.07971
4.94106
5.18515
4.91306
4.923
5.02892
5.08646
5.11445
4.89056
5.0706
5.09986
5.04378
5.01232
4.8715
4.921
5.01356
5.17555
4.98604
4.79781
4.94657
4.96676
4.99286
4.91101
5.10567
4.83486
5.09668
4.95399
4.96428
5.01194
4.82704
4.95834
5.13697
5.0647
4.86799
5.08696
5.11311
4.82355
4.86851
4.97207
5.00144
4.91943
5.00343
4.99719
5.09656
5.07618
4.94776
5.06092
5.03689
5.10605
5.07222
4.92189
4.91646
4.85169
5.0425
5.06435
4.91661
5.00641
4.98634
5.12983
5.03908
4.86034
4.99637
5.00284
5.06676
4.96226
4.98148
4.91839
4.95889
4.98135
4.95493
4.92118
5.06146
5.01516
4.99478
4.84445
5.10837
5.09951
5.09671
5.064
4.97025
4.93938
4.82759
5.09254
4.86015
4.99477
4.93566
4.97837
5.15052
4.94648
4.95421
4.93085
5.002
4.93434
5.02347
4.97915
5.08328
5.00289
4.77446
4.8707
5.1427
5.1256
4.90078
5.02012
5.13888
4.9281
5.01466
5.10286
5.05727
5.04946
4.99841
4.90956
5.15285
5.0456
4.99216
4.9238
5.05681
4.93675
4.98861
5.05585
4.96231
4.96045
5.00668
4.89367
4.92853
5.03822
5.05977
4.81402
4.84914
5.10604
4.90409
4.86185
4.94791
5.00584
4.90417
4.8975
5.03665
5.04312
5.13779
4.89317
4.89461
5.05451
4.83928
5.00396
5.13739
5.19539
5.02799
4.84192
5.02088
4.85844
4.92589
4.97612
4.78469
5.17519
5.00905
4.94665
4.94241
4.81902
4.9521
5.09252
5.07637
5.03012
5.05646
4.93419
5.0785
4.91366
4.94182
5.13659
4.91804
5.0578
4.87444
5.00671
5.1077
4.96068
4.7936
5.06217
4.70533
5.05587
4.8769
5.00235
4.85721
5.01304
4.92926
4.84691
5.12169
5.03669
4.82566
4.81781
4.97307
5.10201
5.02858
5.02877
5.02508
5.0092
5.04217
5.05642
5.17588
4.87302
5.17994
5.11546
5.0096
4.81767
4.98596
4.92379
5.09077
5.02127
4.97341
5.0883
5.21115
5.04684
4.92333
4.87712
5.04436
5.02616
4.97216
4.95527
5.01699
4.89323
4.83458
5.02523
5.03648
4.99722
5.0722
4.8992
5.01671
5.03243
4.9751
4.96195
4.98204
4.94858
4.91609
5.07281
5.07257
5.11285
4.86278
5.16585
4.88378
4.96265
4.98439
5.08924
5.04047
4.86884
5.10934
4.99807
5.1521
4.71603
4.91779
5.01466
5.10215
4.93156
4.99677
4.88237
5.17949
4.96861
5.08101
4.9621
5.05971
4.98023
5.04211
5.05623
4.9677
5.018
5.06187
4.8886
5.0803
5.01053
4.97928
4.93351
4.97515
4.96989
4.95695
5.04847
4.80588
5.12339
5.05109
4.97649
5.10303
4.92063
5.00799
5.02749
5.17537
4.95449
4.9278
4.92719
4.77529
5.12
5.096
4.94897
4.98327
5.08128
5.13103
5.04301
4.98461
5.18255
5.05082
4.89612
5.11529
5.06068
5.02205
4.86518
4.80336
5.03368
4.99773
4.99148
5.29297
4.98806
4.97997
5.02658
4.98225
4.95141
4.99291
5.03899
5.04894
4.89013
5.05688
4.95695
4.94241
5.03346
4.94569
4.96221
4.94559
4.90309
4.99875
4.96817
4.78872
5.1
5.04499
5.0805
5.11822
4.99655
4.88133
4.95701
4.87819
5.02518
4.87552
5.06633
4.98508
4.8953
5.02403
5.00816
5.08208
4.91686
5.0674
5.17691
4.91497
4.94816
5.19177
5.10358
5.07666
4.98383
5.02826
4.89604
5.14693
4.87389
4.85552
4.97614
5.04725
5.03677
5.1913
5.03196
4.75924
5.04575
4.92151
4.96939
5.07212
4.8956
4.90394
4.98833
5.08404
5.06391
5.00218
5.10117
4.95954
4.96865
4.96628
5.13705
5.00302
5.12334
5.02255
5.11183
5.02737
4.99602
5.00891
4.948
5.11123
5.0254
5.09513
4.94282
4.96386
4.80309
4.88394
5.00458
5.09879
5.08345
4.99346
5.02381
4.97374
4.9523
5.1475
5.03454
4.89957
4.97656
5.06576
4.95025
5.06098
4.99575
4.77455
5.09159
4.85686
4.89306
4.9123
4.97303
4.86229
4.86179
5.22763
5.12176
4.814
5.07733
4.99725
5.0433
4.93892
5.02618
4.98767
4.82995
5.22554
5.22402
5.03079
5.00434
4.99136
5.1328
5.08981
5.03683
4.99587
5.13018
4.70541
5.01874
4.80027
5.14451
4.92492
5.04063
5.04215
5.03822
4.99941
4.86542
5.1171
5.11552
4.92349
4.97946
5.07434
4.94139
4.84514
4.8611
4.97363
4.94885
5.00499
4.97575
5.20356
5.11737
4.94267
4.98498
4.96004
5.13817
5.02051
5.08569
5.08194
4.95799
5.06004
4.92119
5.05312
4.92913
5.1483
4.90946
5.0443
4.94801
5.05329
5.07975
4.91992
4.90201
4.97719
4.99052
5.00882
5.07768
4.92342
4.90248
5.13815
4.95198
4.95174
5.14776
4.87536
4.93201
4.91083
4.96196
4.84193
4.9267
5.07532
5.19192
5.0487
4.90962
4.9819
5.01396
5.02175
4.90816
4.82449
5.12702
4.91101
4.88684
4.95256
4.96684
5.00165
5.09039
5.02886
5.16228
5.11616
5.07284
5.17143
5.0173
4.98003
5.01816
4.92149
5.126
4.96018
5.02817
5.038
4.90288
5.0679
5.10255
4.92705
4.93035
4.97078
4.97654
4.93428
5.04282
5.0618
5.03637
4.90056
5.07008
4.90664
4.87215
5.0756
5.1311
4.8535
5.09265
5.17212
5.0164
4.98622
5.05452
5.05709
5.07479
4.82271
5.10968
5.04425
4.87781
4.85313
5.01719
5.05776
4.91852
5.13883
4.9577
5.11396
5.08401
4.98961
5.08181
4.85547
5.11157
4.90532
5.0046
4.9842
4.97332
5.21687
5.07061
5.0149
4.94991
4.81627
4.97278
4.99345
4.78277
4.99183
4.91505
5.05373
5.11974
5.029
4.82823
5.10336
4.96472
4.92451
5.01121
5.04474
5.02728
4.92113
5.02714
4.90379
4.95147
4.99384
4.90695
4.93028
4.99623
4.78754
4.99744
4.91646
5.14285
5.07742
5.05641
5.14056
5.13997
4.96327
5.08142
4.99115
5.0537
4.84474
4.94748
5.09248
4.94443
4.96597
4.80385
5.15973
5.10807
5.11914
5.08279
4.92235
5.00014
4.84206
4.9114
5.09871
4.96098
5.00757
4.95701
4.9619
5.009
5.13737
5.06469
5.07577
5.01772
4.8445
5.0104
5.22165
4.96676
4.92031
4.9503
4.98178
5.02851
4.97322
4.85283
4.91608
5.02576
4.99911
5.00011
5.17075
4.95742
5.02379
5.00994
5.02565
5.1595
4.78209
4.95144
5.05698
5.00261
4.93806
5.07986
5.05841
4.82947
4.98453
4.9697
4.96207
4.96497
5.1337
5.08154
4.99361
5.07486
5.09383
4.98463
5.10834
5.05306
5.02306
5.02375
5.02072
5.09869
4.96435
4.86162
4.99952
4.93198
4.93059
5.02724
4.86008
5.08404
4.96853
4.95747
5.03742
4.87304
4.98717
4.97653
5.09708
4.87262
5.0189
4.89549
4.79412
5.00392
4.8635
4.96104
5.14468
5.09848
4.92862
5.13129
5.01633
4.95458
5.04321
4.81266
5.14585
5.00972
5.02246
4.79788
5.10209
5.10248
4.82686
4.89728
5.00104
5.07515
4.98142
4.82109
4.92256
5.1275
4.81523
5.1675
4.9843
5.16796
5.03136
4.8123
4.83811
5.18596
4.99308
5.10366
5.01128
5.0347
4.95491
5.31566
4.97126
5.01092
5.00478
5.03589
4.93483
5.0201
5.11995
4.95433
5.11084
5.03216
5.00571
4.93807
5.12659
4.96832
5.18734
5.02272
4.81516
4.96057
4.96279
4.84178
4.88028
5.05874
4.96741
4.90045
5.02663
4.99918
4.97966
5.07654
5.01827
5.04084
4.9696
4.90584
4.9514
5.18966
4.97277
4.91824
4.93447
5.06329
4.96515
5.04349
4.93918
4.96279
4.98998
5.06184
5.01892
4.96018
5.08713
5.00782
5.07796
4.95931
5.03853
4.95862
5.05399
4.9262
5.00126
5.01165
5.18717
4.99063
4.90258
4.91621
4.93828
4.97501
5.02546
4.98028
4.82834
4.94995
4.95031
4.95473
5.05592
5.08273
5.1293
5.07189
4.97557
4.87241
5.06458
5.18594
4.8377
5.0694
5.02234
4.84846
4.88541
5.11254
4.80551
4.97674
5.00752
4.9539
4.89916
5.19698
4.97453
4.84361
5.04722
5.10132
4.93724
4.85668
5.05553
5.02478
5.05989
5.02166
4.86576
5.0745
5.09728
4.8709
4.9762
5.0781
5.14896
5.0268
4.91991
5.03277
4.8916
5.09459
5.00978
4.90944
5.00356
5.03121
5.04185
5.03302
5.05004
4.92464
5.01828
4.96358
5.07202
5.03096
5.1343
5.06336
4.85316
5.04491
4.91558
5.1865
4.99134
4.98807
5.01989
5.00664
4.93283
4.96186
4.94598
4.93408
4.95974
4.9683
4.97494
5.10239
4.95106
5.05604
4.8842
5.06391
5.05439
5.08531
5.05008
4.95573
4.99776
5.06918
4.96956
4.91691
5.03208
4.94556
5.05085
5.11033
5.00128
4.84886
4.87242
4.96362
5.08529
4.87586
5.0249
4.99136
4.92039
5.13241
4.95557
4.94161
4.94431
5.04712
5.15146
5.00699
4.96356
4.93244
5.09754
5.01651
4.93899
4.88203
4.95636
4.9501
5.01269
5.02416
5.08319
4.98638
4.93046
5.03751
4.99168
5.08366
4.93859
5.10834
4.82555
4.90084
4.92195
5.1139
4.91418
4.8659
4.98469
5.10334
4.92547
5.06564
4.99643
4.90091
5.06701
4.7254
4.68099
5.0521
5.03828
4.82258
5.00938
4.81807
4.89947
4.87789
4.85699
4.92678
4.91679
4.94211
5.08567
4.96641
4.90262
4.98829
4.90831
5.00923
4.96491
5.06065
5.12538
5.04004
4.88759
5.1738
5.0154
5.07478
4.9488
5.09393
5.06358
5.10819
4.96367
4.98437
5.11739
5.03019
4.86818
5.01423
4.88365
4.85208
4.90587
4.94226
5.01338
4.85828
4.97413
4.96514
5.00035
5.17281
4.85252
5.07649
5.241
4.95412
5.00982
5.17425
4.88254
5.00933
4.88867
4.83757
4.98625
4.9393
5.04767
5.01042
5.11552
5.05069
4.95988
5.08014
5.16796
4.83863
4.88764
4.98128
4.93472
5.05287
5.02586
5.11985
5.03279
4.97283
4.99586
4.92822
4.97951
5.03854
4.87314
4.9784
4.83802
4.94558
5.11812
5.04454
4.9178
4.99647
5.05951
4.92517
5.00078
4.93506
4.94931
4.8352
4.83753
5.06581
4.98897
5.02045
5.12156
5.08346
5.01533
5.26503
4.89038
5.02143
4.97235
4.98717
4.93366
5.09845
5.1513
4.93557
5.01671
5.05071
5.02318
5.02248
4.75477
4.90331
5.1002
5.0447
5.22931
5.02726
4.87451
5.04858
4.97406
5.01695
5.08627
4.96963
5.21092
5.01343
5.03303
5.03924
5.09257
4.96437
5.03426
4.97116
4.87237
5.10416
4.99619
4.89866
5.01178
4.95213
4.87793
4.98634
5.04947
4.97497
5.14261
5.06664
4.91989
4.99994
4.87415
4.93584
4.9673
5.03071
4.69028
4.94653
5.01422
5.11727
5.08589
4.97524
4.99102
5.05185
5.08583
4.99344
4.96407
5.02187
5.06815
4.81394
5.08709
4.87878
5.12336
5.16735
5.15926
4.86193
4.97514
4.85484
5.08496
5.09284
5.15087
4.97928
5.04115
5.03942
4.95761
4.95478
4.98574
5.04852
5.09512
5.00053
5.02339
4.96699
5.03462
4.83564
4.8985
5.10356
5.02892
5.01858
5.04694
5.02412
4.96985
5.11235
4.9843
4.96393
5.08434
5.07285
5.07136
4.97788
4.93268
5.16414
5.19418
5.00858
4.8716
5.12099
4.8653
5.10108
4.92118
4.79064
4.91059
4.92088
5.02872
4.88959
5.01791
5.11663
4.96064
5.08675
5.02376
4.90081
5.14431
5.00761
5.04827
5.05738
4.92499
5.05213
4.97964
4.8974
4.98993
5.18457
4.98069
5.07899
4.98615
5.09445
5.01682
5.05317
5.00092
4.78168
4.82845
4.95633
5.05
5.00409
5.09249
5.01224
5.06992
5.0351
4.904
4.99906
4.84179
5.06587
5.03818
5.02843
4.96198
4.95425
5.04628
4.88233
5.07131
5.05986
5.09143
4.99112
5.0191
5.04365
5.03435
5.25655
4.95659
4.96613
4.91959
5.13353
5.23713
5.12409
4.84896
4.82862
5.1861
5.17566
4.94977
4.99357
4.93586
4.96718
5.03475
5.15293
5.03499
5.11715
4.96312
4.80833
5.05624
5.05753
5.07488
5.04793
4.91376
4.82419
4.82664
5.00292
5.05925
4.97199
5.01386
4.98044
5.06509
4.9469
4.87768
4.89786
5.01174
5.12232
4.94701
5.01947
5.0161
5.25232
5.05086
5.01766
5.14015
4.98293
4.77457
5.11033
5.00872
5.12598
5.17483
4.89755
4.89083
4.96029
5.09281
5.04423
4.88923
4.92624
5.04499
5.07203
5.0069
4.96285
5.07771
5.10799
5.13898
4.9355
5.06576
5.05217
5.04899
4.87286
5.11757
5.01671
4.88795
5.00307
5.12556
5.18273
5.09997
5.07103
5.10158
5.07438
5.00605
5.08284
5.01683
5.07008
5.03943
5.04115
4.96297
4.87447
4.87511
4.98239
5.13262
4.90968
5.02266
5.06378
4.88374
5.13748
4.99706
4.8952
5.0229
5.11099
5.13789
5.054
4.96666
4.9763
5.08318
5.025
5.19836
4.9051
5.0715
4.91886
5.07519
4.94139
4.89883
5.01982
5.17364
5.14299
5.17026
5.02445
4.99297
5.00571
4.9343
4.88275
4.88813
5.04995
5.07814
5.05459
5.01956
5.01083
4.89162
5.01921
5.10769
5.01972
4.92992
5.09815
5.04076
4.8597
5.13516
4.86593
4.9644
5.12681
4.98742
5.05411
4.94477
5.06291
4.89219
4.82006
5.01729
5.01471
5.11988
5.03318
5.01325
5.03498
4.86523
4.70797
5.0511
4.91368
5.00052
5.0273
4.93893
5.02443
4.93847
5.03017
4.97742
5.07362
5.0513
4.96504
4.93431
5.02153
4.83898
5.00129
4.89386
4.9861
5.05216
5.01306
5.00416
5.15974
4.96625
5.10997
4.98077
5.14092
5.17807
5.09177
5.05671
5.09398
5.01587
5.17495
4.95829
4.9337
5.06323
4.86591
5.0545
5.08496
5.08426
5.04779
4.91702
5.08135
4.92416
5.07034
5.09001
4.90733
5.09303
4.93336
5.16043
5.12692
5.12812
4.95459
4.89327
5.00214
4.96671
5.07761
4.88417
4.99512
5.11511
5.04058
4.8486
4.86951
5.01308
4.94368
4.98794
4.86883
4.99352
5.07997
5.01781
4.96043
4.8793
4.96187
5.00498
5.00802
4.99823
5.00094
5.0929
5.1646
5.06481
5.02111
4.93039
4.95557
5.13847
5.11155
4.99965
5.01625
4.8563
4.87669
4.93383
5.08969
5.00506
4.8076
5.14581
4.95435
5.05469
4.95879
5.02171
5.07624
5.17058
4.93857
4.97642
5.01292
4.96612
4.8974
4.98193
5.01322
5.03321
4.8674
5.11061
5.04147
4.925
5.02263
5.0811
5.14393
5.1212
5.04307
5.04915
4.98077
5.02755
5.13756
4.86721
4.96984
5.00117
5.113
5.09295
5.0883
5.03738
4.94556
5.09547
4.96372
5.02986
5.0754
4.96977
4.80319
4.90674
4.98684
4.92685
5.12273
4.86564
5.03942
4.98235
4.8459
5.04426
4.82484
5.11767
4.77996
4.99465
5.05124
4.99735
5.05055
4.81652
5.10949
5.12544
4.92614
4.90235
5.12823
5.10608
4.82688
4.93647
5.15537
4.96404
4.95372
5.05301
4.83704
5.013
4.92747
4.99103
5.04299
4.88042
4.99337
4.97629
4.9902
4.9635
4.82957
4.76562
4.97858
5.04591
5.13738
4.84813
5.14157
5.00405
4.93499
4.96967
4.98388
4.945
4.90723
4.77549
5.1332
5.00279
5.00224
4.98315
5.10755
5.00665
4.9293
5.08887
5.04538
5.12259
5.16023
4.86616
5.10582
4.91658
5.00796
5.0378
5.02953
4.9034
4.98557
4.99688
5.05538
5.14554
4.99894
4.97568
4.92531
5.07471
5.06789
4.7962
4.91982
4.85005
5.01474
5.14555
5.01027
5.05112
4.99945
4.81571
4.95005
5.13631
5.03663
4.88865
4.92231
4.91031
5.00992
5.07828
4.94896
5.06237
4.88829
5.14486
4.95842
4.99743
5.05694
5.1501
5.09929
4.92701
4.8345
4.98853
5.0399
5.18886
5.03514
5.03642
5.01822
4.92592
5.04054
5.05979
5.02471
4.85131
4.7718
4.85242
5.00861
4.84956
4.83134
5.02737
5.03859
5.01314
5.09299
4.92935
5.11411
5.01459
4.98976
4.95214
4.85711
5.08552
4.96426
5.08336
5.02417
4.82528
5.00497
5.10711
4.94448
5.10457
5.01638
5.0229
4.95601
4.89652
5.06578
5.02368
5.08912
5.01772
5.07518
5.04385
5.02798
5.03894
5.02599
5.00534
5.01371
4.91304
4.99521
4.88754
5.02995
5.04438
5.14595
4.92768
5.02344
5.02951
4.97668
5.00202
5.14623
5.06802
4.8002
5.20123
5.05564
4.98576
4.89301
4.96005
4.94356
5.11023
5.07862
5.01851
5.07149
5.09874
5.02344
5.08284
5.02264
5.12357
5.00558
4.74789
5.05161
5.09312
5.0173
5.09805
5.0443
4.96532
4.95223
4.99137
5.10362
4.90192
4.96324
5.16355
5.07998
5.07941
4.90902
4.95695
4.95656
5.04325
4.9076
4.95752
4.97518
4.97325
5.09383
4.92486
5.15235
4.92712
4.74162
4.93887
5.14267
4.93911
5.06211
4.91737
5.02493
4.82446
5.01179
5.11568
5.00841
5.14468
4.92837
4.93023
5.00092
5.02473
4.93283
5.09513
4.98724
4.93827
5.07857
5.0435
5.06129
5.01734
4.99414
5.13961
5.00669
4.90999
4.96585
5.14842
5.06407
4.95063
5.01129
4.93886
5.14492
5.01984
4.9303
4.96053
4.88687
5.04934
4.89906
4.96839
5.0508
4.99765
5.00539
5.16679
4.94596
5.03981
5.21951
5.06686
4.97534
4.98676
5.10882
5.13617
5.00137
4.99366
5.05058
5.05329
5.0464
4.88499
4.91293
5.08876
4.8483
4.89408
5.10801
4.87162
4.95234
5.01454
5.01038
5.01445
4.99364
5.04448
4.96215
5.04514
5.21938
4.90261
5.02549
4.85224
4.932
4.93268
4.96106
5.0435
5.21581
4.83198
5.0203
5.10545
4.91118
5.12303
5.13529
4.98627
4.86311
4.9408
5.04011
5.09557
5.08496
5.12677
5.06124
5.08581
5.03082
5.01353
4.97372
5.04125
5.13725
5.09989
5.10201
4.92498
5.09753
4.93044
4.98465
5.12008
4.96861
5.10323
4.91565
5.06106
5.08055
5.16627
4.87911
4.91417
4.88348
4.95392
4.93498
5.14239
4.81141
4.84648
5.11259
4.95933
4.98947
4.90599
5.06782
5.01652
4.92097
5.20017
5.07141
5.005
4.96153
4.97106
5.04882
4.85149
5.18374
5.08622
5.02166
5.05263
4.71501
5.04297
5.08269
4.95738
4.88142
5.06851
4.89737
4.97517
5.02752
4.83805
4.93085
4.98368
5.08278
4.91896
5.00826
4.92444
5.14144
5.1083
4.83803
5.09852
5.14972
4.96801
5.02245
5.13372
5.16605
4.85035
4.88144
5.10417
4.94944
4.89386
4.90192
5.0065
4.81397
5.08661
4.98641
4.90802
5.07506
4.93741
4.98678
4.89703
5.05487
5.08924
5.07901
4.84605
4.97153
5.03162
4.9482
4.98542
5.09221
5.01529
4.98151
4.96322
4.87666
4.95165
5.02904
5.01767
4.95245
5.23103
5.0035
4.80579
4.96647
4.85741
5.16001
4.85357
5.15449
5.11694
5.05094
5.17295
5.16625
4.90389
4.99022
4.86101
5.0199
5.06632
4.85034
5.00403
5.14159
5.06915
4.86331
4.96468
4.94279
4.98023
4.95486
4.9114
4.95957
5.01579
5.05461
5.0971
5.07172
5.03428
4.96274
4.90116
5.04852
5.00821
4.85764
4.83128
4.86144
5.07691
5.05509
4.94324
4.90671
5.09848
5.00158
4.89961
4.86615
5.03403
4.94611
4.93888
5.16088
5.13442
4.7672
5.07612
5.11189
5.05536
5.16926
4.93753
5.1584
5.04218
5.21241
4.86468
4.86474
5.04435
5.12294
5.0941
5.01667
4.95685
4.9999
5.0863
5.02103
4.76976
5.06202
5.13075
5.08153
4.86834
4.92798
4.99369
4.92755
5.00093
5.04235
5.16596
5.03261
5.08741
5.1643
4.97761
4.89836
5.08294
5.00989
5.04774
4.98371
4.96122
4.77645
4.88188
4.94073
4.88301
4.86969
5.01335
4.91375
4.90777
4.95836
4.98706
5.01071
4.91411
4.94984
4.96923
4.92234
4.96374
4.98117
4.9742
4.97968
4.86857
5.18711
5.00699
4.9653
5.05073
4.99069
5.03515
4.86832
5.02146
4.99656
5.1219
4.91178
5.07992
5.05037
4.86916
4.98975
5.2177
5.02792
5.21655
4.90407
5.08641
4.89293
4.99301
5.05011
5.06402
5.11474
5.15584
4.98814
4.97687
5.08195
5.14604
4.74372
4.88031
5.05394
4.90593
4.99228
5.06577
4.82492
4.94656
5.1354
4.86546
4.94851
5.04435
4.98866
4.85146
5.12487
4.88281
4.97643
5.03744
5.04583
4.84643
4.93662
4.91887
4.94312
5.05172
5.14731
4.91082
4.92706
5.11239
4.93523
5.07879
5.05801
5.16187
4.99845
4.81531
4.99881
4.97371
4.92194
4.95768
5.03161
4.98716
5.06236
4.81947
5.1364
5.05084
5.01422
5.18822
5.01228
4.90893
4.95799
5.03608
5.10447
5.02416
5.03228
4.8396
4.99751
5.03081
4.92772
4.88219
5.00797
5.20233
4.8732
5.20114
5.08605
4.81449
4.98611
5.039
4.91982
4.99019
5.01303
5.03179
4.97841
5.01488
4.87848
5.08557
4.9522
5.02419
4.99601
5.00185
4.92456
4.93993
4.99919
5.15768
5.16812
5.06891
4.73354
4.91298
4.96199
4.92303
5.07414
5.07464
4.89078
4.87576
5.05321
5.06524
4.9542
5.09732
4.95232
5.01798
4.94564
4.93741
4.92092
4.87104
4.97019
5.06866
4.96025
4.88917
5.10167
4.9698
5.10911
4.793
4.87862
5.05509
5.06272
5.07563
4.85202
4.92953
5.01144
5.11709
5.01428
4.93637
5.06212
5.10755
4.95269
4.97887
5.03544
5.22725
4.96247
5.03971
4.88694
5.04923
5.11952
5.00492
4.94016
4.95812
4.98394
5.10178
4.8675
4.99593
5.04371
5.02441
5.204
5.08318
4.77225
4.92542
4.98593
4.89317
5.02474
4.95825
5.07952
4.93918
4.92196
4.8795
5.04887
4.94044
4.85781
4.99103
4.9872
5.06285
4.80448
5.14731
5.00908
5.06838
5.06152
4.86644
4.965
4.95394
5.10287
4.88495
4.93973
4.99731
5.01258
4.92075
5.03297
5.08142
4.8076
4.90532
5.05546
4.92515
5.19378
5.01799
4.86887
4.98985
5.02261
4.96927
4.99541
5.07275
4.98939
5.07122
5.07998
5.23601
5.01294
5.02683
5.08099
5.13919
5.14269
5.10886
5.07172
4.86703
5.09315
5.02747
5.07878
4.97245
5.051
4.94771
5.13652
4.95821
4.89515
5.13075
5.00079
4.8243
4.9836
4.97839
5.18767
4.99423
4.8875
4.99975
5.01873
5.05472
5.00529
4.98471
4.93352
4.95995
4.87878
5.01833
4.90734
5.09577
5.10301
4.99167
4.96133
5.11165
5.0059
4.94073
5.09445
4.91335
4.93313
4.95654
4.8783
5.07647
5.05884
4.86331
4.94177
4.9096
4.99204
4.86123
4.9956
4.89
5.03463
4.87355
4.95249
4.97249
4.84676
4.96283
5.03029
4.85259
4.78653
4.9833
5.13177
5.08487
4.93033
5.12974
5.08438
5.02008
4.97542
5.12575
5.06181
5.10646
5.0573
4.93847
5.05836
5.12106
5.05006
5.02364
5.08034
5.06098
5.00962
5.30253
5.03226
4.95121
5.0338
5.06522
4.83009
5.04033
4.91937
5.037
4.97962
5.119
5.05643
5.16568
5.07365
4.99103
4.99797
4.95462
5.12716
4.91664
4.9459
4.92689
4.93663
4.89458
5.16809
4.82763
4.86007
4.80916
5.06771
5.05208
5.06921
4.91568
4.97729
5.03592
5.02861
5.13803
5.04603
4.99015
5.08092
5.07129
5.00292
4.90466
5.04218
4.90915
5.06357
5.10067
5.11331
5.0171
4.91047
5.04409
4.93704
5.07507
4.97854
5.07652
5.14358
4.94259
5.05506
5.03381
5.08848
4.91099
5.07862
4.88069
4.95037
5.06307
5.01655
5.04036
4.97792
5.01773
4.8742
5.03199
5.09086
5.02008
5.2909
5.06516
4.96281
4.95209
5.00261
4.96962
4.91693
4.86584
5.05192
5.01528
4.97047
4.8563
5.01311
5.11182
5.06763
5.08794
5.03237
5.24042
5.01452
4.9873
5.09345
5.02554
5.21343
5.02959
5.01263
4.92418
4.95817
4.97742
5.03879
4.96406
5.03522
5.06938
5.04232
5.09238
4.97963
5.01008
5.02776
4.8831
4.94195
5.01468
5.06135
4.88223
5.01342
4.88959
5.10133
4.93766
4.96112
5.11755
5.00692
5.13562
5.08775
4.99585
4.86338
5.09397
4.88312
5.0903
4.96823
4.92602
5.02931
4.91212
4.9084
5.06668
4.88493
4.90559
4.93565
5.05594
4.75365
5.13804
5.17556
5.07928
5.04283
4.88669
5.07708
5.11382
4.97148
4.9636
4.96154
5.18974
4.87886
4.98305
5.02106
5.14666
4.90471
4.85988
5.01113
5.11833
4.90424
5.1601
5.12438
5.05068
5.10289
5.05379
5.0972
4.97026
5.19769
4.87289
5.05774
4.9118
4.95154
4.99591
5.04879
4.86843
4.94273
5.06955
4.94206
4.99771
5.00752
4.93602
4.89934
4.83335
5.07844
4.8412
4.98094
4.95367
4.8953
5.00802
4.97404
4.85607
5.0296
5.01977
5.20867
4.93837
4.98721
4.87086
4.75893
4.81818
5.02905
5.01151
5.07765
4.87272
5.02677
5.01616
5.00816
4.96938
5.05589
4.94125
5.00443
5.06277
4.98811
5.10011
4.88154
4.76997
5.07279
4.8893
5.05266
4.95778
5.05125
4.96211
4.8785
4.91345
4.94717
5.02335
5.11184
5.00561
4.91197
5.08575
4.97539
5.05832
4.86536
5.05263
5.1267
5.07979
5.0822
4.95333
4.90457
4.90633
4.93015
5.09234
4.97405
4.99048
4.98244
5.06208
5.02646
5.17837
5.06169
5.11166
5.10807
4.82561
4.99622
5.03462
4.92141
5.01577
4.94752
5.07003
4.95629
5.02536
4.83501
4.99691
4.9124
4.93862
4.97535
5.07989
5.0264
4.99092
5.07973
5.028
5.03093
5.15945
5.03939
5.01723
5.08033
5.05612
5.01221
5.12232
5.05411
4.99184
5.01169
5.02589
5.11385
5.00814
4.97827
5.0217
5.00225
5.04205
4.93578
5.0039
5.08343
5.11025
4.9011
4.91844
4.93388
5.07221
4.84586
5.08817
5.01659
5.07861
5.04802
4.98125
5.06801
5.03149
5.078
5.05135
5.017
5.15931
4.97924
4.91157
4.94803
5.15771
5.00217
5.06263
5.03677
4.96943
4.75471
4.8951
4.89731
4.92548
4.98762
4.96816
5.01704
4.9222
4.97578
4.99826
5.09191
4.85922
5.063
5.10229
5.00054
4.94775
5.11776
5.01933
5.01707
4.96627
4.93173
4.92597
5.04607
5.05983
5.08811
5.00691
4.88993
5.28062
5.19568
5.17245
4.97149
4.954
5.07041
4.97051
4.87452
4.95738
5.04942
5.10338
4.91316
5.11915
5.06692
4.94371
4.98471
4.96857
5.06152
5.01815
5.15815
5.06824
4.91507
5.07857
5.02814
5.01034
4.90849
4.90687
4.85162
5.03715
5.03419
4.99682
5.00917
4.95424
5.07615
5.1517
5.09275
4.96266
4.98242
4.98337
4.9901
5.07444
5.16507
5.11386
4.90386
4.96066
5.11385
4.9552
4.95933
5.03134
4.87722
5.01833
5.15844
5.0299
4.97752
5.2158
5.2086
5.04138
5.12786
4.90861
4.97035
5.1073
4.85012
4.89657
4.97051
4.79404
4.96153
5.08591
5.05448
4.9919
5.01067
5.0554
5.09446
5.07138
5.08201
4.90696
4.96453
4.99199
4.96432
4.93382
4.98615
4.98332
5.03768
4.94517
5.06125
4.99934
4.88495
4.79331
5.04059
5.11945
5.20367
5.10629
5.0006
4.94282
4.85181
5.14045
5.05715
5.05073
5.02984
4.87307
4.90227
5.08822
4.95495
4.93513
4.94012
5.00387
4.98663
5.04775
4.85554
4.90825
4.88735
5.03896
4.86823
5.06769
4.8095
4.99272
4.93971
4.72655
5.18201
5.07308
4.80583
5.0011
4.93891
5.07832
4.89131
5.12285
5.02833
4.97311
5.02418
5.07687
4.98476
5.08879
4.93697
5.00403
4.89114
4.99002
4.98175
5.00372
4.97329
5.03294
5.07607
5.0898
5.13092
4.99646
4.84384
5.1175
5.06122
4.95336
4.97454
5.12004
5.11988
4.96784
4.98692
5.04335
5.20593
4.91838
5.04546
4.92241
4.87133
4.86189
5.08395
4.89428
4.9768
4.97734
4.99453
4.85368
4.97784
4.94018
4.98747
5.01804
4.89453
4.9648
4.86271
5.13723
5.07585
5.03889
4.99272
4.89935
4.84751
4.9038
5.03436
5.17949
4.98147
4.97268
4.84098
4.96198
4.88994
4.97309
5.09279
4.83071
5.14341
5.21889
5.0931
5.06497
4.9343
4.92622
4.9494
4.9216
4.9334
5.08802
4.90899
5.04499
4.91908
5.00815
4.99396
4.8693
5.07714
4.96623
4.86277
4.88624
4.9387
5.23811
4.97324
5.03655
4.92284
4.82423
5.07588
5.01357
4.99329
5.03298
4.97453
5.02171
5.03499
4.93313
5.01242
5.04898
4.94673
5.13843
4.94428
5.09174
4.95902
5.0388
5.01143
4.90475
4.98042
4.78707
4.86026
4.95795
4.93445
4.86726
5.03985
5.05697
4.99448
4.94976
4.99507
4.93358
5.08291
5.1451
4.92947
4.8658
4.98546
4.93668
4.97759
5.05947
4.94493
4.97734
4.93756
5.19864
4.97737
5.10701
5.13744
4.93206
4.95246
4.93954
5.05775
5.07942
5.0152
5.01358
4.85923
5.11735
5.04438
4.88429
5.11783
5.07254
5.00298
5.09894
4.98709
5.08215
5.09888
5.03307
4.8761
4.98755
5.00603
5.1037
5.03817
5.06365
4.93193
4.96305
4.91569
5.13336
5.09869
5.04638
5.00849
5.02071
4.90871
4.95984
4.9855
5.06609
4.96171
5.17327
4.85038
5.07872
5.02094
4.80298
4.99448
4.97057
4.96864
4.91501
5.07208
4.84959
5.05466
4.90316
5.08706
5.08278
5.00085
5.04358
4.99379
5.02932
4.82201
4.96815
4.90944
4.95349
4.98983
4.97423
5.06905
4.90859
5.17695
5.09715
5.0049
5.01969
4.9281
4.9579
5.00377
4.94898
5.0265
4.99355
4.89735
4.83272
4.96262
4.7886
4.95886
5.03653
5.03744
5.03925
5.04006
5.1141
5.09355
5.1076
4.86839
4.83677
4.99178
5.06007
4.88723
5
5.09721
5.04168
5.00007
5.10068
4.97523
5.06579
4.73124
4.983
5.03896
4.96115
5.11381
5.05773
4.85285
5.06349
5.1098
4.9756
4.94844
5.11492
5.14535
4.98037
4.79383
4.94283
4.95113
4.97382
4.8888
5.11959
4.88402
5.11343
4.95888
4.93539
5.23261
5.01346
4.93024
5.02607
4.87334
4.78761
4.96145
4.95872
5.1012
4.95725
5.04889
5.11411
5.06343
4.99503
5.1111
4.84271
4.97251
4.91155
5.01508
5.13988
4.8628
4.97772
5.04239
5.16653
5.0616
5.07194
4.95165
5.09586
5.07629
5.04447
5.11678
5.04524
4.88632
4.92061
5.00606
4.91005
4.9524
4.90241
5.00687
5.0281
4.94478
5.15509
5.06855
4.979
4.94837
5.05178
5.09875
4.9405
5.01871
5.01046
5.00581
4.91014
4.90477
4.9911
5.11958
5.03384
4.91256
4.8834
4.92568
5.13251
4.9615
4.99946
4.90542
4.90899
5.04286
5.0074
4.85802
4.99835
4.97813
4.82735
4.98313
4.89862
5.01913
5.00725
4.85111
4.99581
5.15133
4.85122
5.12301
4.96659
5.00984
5.06262
4.84139
4.81777
4.90366
5.11688
4.91376
5.15496
5.01385
5.00393
5.03788
5.00947
4.91177
5.10987
4.80262
5.08152
5.02117
4.9814
4.91355
5.02146
5.03102
4.87513
5.20555
5.05488
4.9447
4.98906
5.06181
5.13795
5.03011
4.96139
4.9874
5.27515
5.16282
4.9251
5.08306
4.95495
5.07673
4.96245
4.94327
5.0211
5.09329
4.96274
4.99591
4.90267
5.07376
5.07119
5.17841
5.0639
5.13218
5.02935
4.97652
5.07248
5.15608
4.92971
4.96232
4.904
5.00604
4.89931
4.91932
5.21554
5.13607
4.99367
5.04015
5.07575
5.06126
4.99663
5.1172
4.94181
5.11356
5.09397
4.97681
5.0591
5.18136
4.94811
5.1171
4.99546
4.90908
4.78903
4.94834
5.05772
4.95533
5.07041
4.97189
4.74189
4.85897
5.03223
4.9416
5.03738
5.07283
4.93307
5.07427
4.88799
5.18505
5.01557
4.98872
5.25178
4.96835
4.93415
5.04226
4.9778
4.9426
5.05937
4.88078
4.89996
5.07653
4.97246
5.01974
4.92772
5.1122
5.23173
4.93057
4.97026
5.17916
4.97592
5.09168
5.05803
4.92273
5.00367
5.11853
4.96621
5.16952
4.97318
5.08525
4.9945
5.06108
5.0539
4.94915
5.02932
5.12882
5.13582
4.98645
5.0696
4.84644
5.0768
5.16954
4.95335
5.25666
5.0245
5.03765
5.09009
5.04831
5.10276
5.03472
5.04967
4.88498
4.99171
4.9755
5.06942
5.08153
4.94762
4.91057
5.01011
5.00216
5.09107
5.05126
4.90715
4.98392
5.27185
5.07967
5.07572
4.9404
5.0909
4.96522
5.15322
4.95904
5.02591
4.9526
4.94046
5.09113
5.01057
4.97256
4.89836
4.92341
5.0703
5.15202
5.02918
4.94719
4.9948
5.12315
5.17337
5.0746
5.06545
5.08656
4.95529
4.91172
5.00961
4.89032
5.03104
5.02846
5.12791
4.98014
4.9698
4.98635
5.05704
4.90142
5.0784
4.89191
5.02151
5.07134
4.96656
4.83628
5.1422
4.99978
4.89656
5.00763
5.06435
5.08695
4.90128
5.12771
4.92397
4.92513
5.0142
4.88518
5.12016
4.79847
4.88451
5.06707
4.89664
5.03013
5.05034
4.99487
5.05442
4.95593
4.99019
4.98716
5.0473
5.01757
5.06065
5.00732
4.97893
5.05692
4.95181
4.96116
4.97667
4.89579
5.06876
5.01259
5.17466
5.18057
5.02508
5.01428
4.92472
5.1069
5.06669
5.0679
4.94428
4.99032
4.92388
4.94903
5.04833
4.94388
4.99729
4.96649
5.31909
5.09755
4.89901
5.01603
5.03182
4.99586
5.05035
4.89252
5.02525
4.84369
5.02667
4.98435
4.95644
4.78228
5.26084
5.01256
4.99332
4.95078
4.89325
4.94405
5.03642
5.06488
5.02732
5.08012
4.94041
4.94703
4.93187
4.99267
4.90107
4.89235
5.03365
5.06794
5.02216
4.9372
5.06956
4.89579
4.98644
4.86975
5.03872
4.91939
5.0544
5.0432
4.97177
4.99028
4.89401
4.87327
5.012
4.9223
4.97983
5.0079
4.99623
5.08207
4.89912
5.12772
5.12064
4.99118
5.06614
4.90749
5.02123
5.03486
5.0798
4.93783
5.11511
5.05309
5.00976
4.96389
5.01421
4.88608
5.07091
4.98249
5.1537
5.06542
5.00446
5.00812
4.94777
4.98418
4.8165
4.91348
5.12752
5.07874
4.98423
4.933
5.04511
5.09778
5.03522
5.00527
4.83671
4.78333
4.82236
4.88242
4.95575
4.91178
5.09667
4.955
4.94457
5.03774
5.02589
5.14984
4.98897
4.90743
5.16081
4.98544
5.03298
4.98659
5.15417
5.10832
4.92047
5.06772
4.9857
4.96206
4.99375
5.07666
5.00209
5.03405
5.04084
5.14688
5.02151
4.99762
4.98104
5.00923
4.97226
4.93945
4.90297
5.10965
4.94045
4.96343
4.96673
4.88932
5.02186
5.15345
4.93709
5.0694
4.91236
5.12146
5.06956
5.17812
5.11812
4.85921
4.91602
5.13553
5.13215
4.82625
4.95084
4.9097
5.19014
4.87958
4.97746
5.0752
4.77388
4.97034
5.10014
4.96578
4.95084
4.88512
4.84454
4.87395
4.9181
4.97922
5.01867
4.98204
5.02311
4.89819
4.99411
4.99371
5.03988
5.06369
4.86075
4.86234
4.99689
4.90537
5.00886
4.89382
5.03831
5.12234
5.07324
5.0786
5.08109
4.93515
5.02461
4.96269
5.16146
4.97754
4.93977
4.7583
5.0701
4.79019
4.95285
5.16578
5.11667
5.19647
4.93253
5.03062
5.05827
4.96596
5.09083
4.9687
4.905
4.91516
5.07665
4.92654
4.95652
5.14116
5.07907
5.14427
5.01806
5.14506
4.99724
5.11883
4.9234
4.80666
4.99319
5.11171
5.06412
5.03045
5.00496
4.85041
4.89301
5.09007
4.9872
4.95535
5.0701
5.04746
5.01595
5.06967
5.08406
5.06285
4.82674
5.16698
4.91806
4.99055
4.95312
4.88963
5.07375
4.9948
4.92599
5.08251
4.90675
5.05451
4.92886
4.89875
5.03751
5.06363
4.9968
5.02789
5.00563
4.98093
5.01263
4.91214
4.8436
4.98539
5.08731
4.86049
4.92282
5.1172
4.83333
5.02357
5.0812
4.89473
4.96039
4.92328
5.03897
5.04847
4.9277
5.1282
4.95569
5.09085
5.03657
5.0613
5.08994
4.95303
5.10209
5.01583
4.94446
4.97279
4.99016
5.06864
5.00552
5.05043
4.98883
5.01802
5.06317
4.96814
4.89529
5.16851
4.98717
4.97522
5.09708
5.01148
5.07947
5.01867
4.98467
4.96384
5.01986
4.88104
4.84791
5.05514
4.99613
4.78385
4.88948
5.29156
4.97544
4.91787
5.04415
5.02214
5.06082
4.99998
4.99752
5.06468
4.89351
4.96007
5.00584
4.92696
5.02117
5.0498
5.0539
5.02992
4.95307
4.93184
4.983
4.86465
5.03306
5.07342
5.09897
4.95792
4.89246
4.99499
5.0937
4.92642
4.94592
5.08797
4.94354
5.02713
5.0124
5.04357
5.03539
4.99495
4.91691
4.84957
4.97248
5.0769
4.91935
4.8544
4.98955
5.12447
5.137
4.92735
5.02136
4.92102
4.96306
4.91022
4.85033
4.97571
5.09871
5.18045
4.96769
5.00503
5.07472
5.02434
4.75386
4.81073
4.96615
4.97792
5.24995
4.94539
4.89627
5.03195
4.93708
4.9391
4.94076
5.05313
4.86104
5.00312
4.91077
5.02022
4.97295
4.81924
5.06182
4.93655
5.22552
4.96071
5.1288
5.06102
5.02398
5.07577
4.99935
5.15161
4.91896
4.99014
4.90934
4.91561
5.02675
5.01467
4.99632
5.23776
5.04948
4.87266
4.99429
4.87329
4.98265
5.10349
4.88314
5.00405
5.15206
4.84759
4.99139
4.85726
5.05907
5.06064
5.10437
5.13169
4.97808
5.00485
5.04106
4.92413
4.75667
4.93953
5.12472
5.1039
4.97315
4.97653
5.03075
4.95469
5.12287
5.14901
4.96152
4.95169
4.90814
5.0835
5.12056
4.94528
4.89532
4.9185
4.94266
5.09328
4.85211
5.2165
4.98815
4.95095
5.12665
5.01857
5.0529
4.93774
4.94956
4.8665
4.86649
5.05454
4.94085
5.05948
4.98903
4.89746
4.94741
4.82161
5.03999
4.93761
5.05803
4.97426
4.92127
5.04005
4.74521
5.14085
4.89026
5.10868
5.0601
4.86141
4.9832
5.04172
5.09195
4.87665
4.8906
5.09538
4.99442
5.07236
5.05288
5.12365
4.93787
4.94399
5.13233
4.97139
4.87096
5.01679
5.18285
5.07423
5.07735
5.02165
5.02396
4.9232
4.9944
5.06027
4.98493
5.08419
4.95189
5.02059
5.17158
5.12853
4.90312
5.09418
5.07561
4.93698
5.03195
4.84599
4.87704
5.15638
4.75372
4.97993
4.9228
4.92345
5.17066
4.97839
4.88838
5.07009
4.99888
4.96539
4.97372
5.19716
5.02948
4.97613
4.90951
5.07085
5.03669
4.92095
4.84701
5.01569
4.85867
4.83259
5.05601
5.06999
4.85791
4.98433
5.03205
4.91834
5.09814
5.07986
5.0042
5.0208
5.03319
4.92858
5.03968
5.02866
4.83554
5.0679
4.97623
4.99538
4.98409
4.96735
5.01514
4.98311
5.1557
4.85846
5.0131
4.88832
4.96352
4.98706
4.99298
4.99927
4.96029
5.02777
4.95737
4.87968
5.13503
5.01202
4.80699
4.77482
4.91638
5.14049
4.99089
5.06831
4.89867
4.98782
4.77013
5.09411
5.12581
5.02401
4.966
5.03018
5.09077
5.00455
4.86971
4.87689
5.05404
5.0851
5.00445
4.82857
5.0243
5.13342
5.07583
4.94635
4.96423
5.07392
5.09867
5.00979
4.97436
4.89188
4.97163
5.02161
4.96864
5.08488
4.96735
5.12056
4.97403
5.04687
4.91367
4.92681
5.00284
4.94855
4.86714
5.05454
5.10517
4.95707
4.88488
4.90024
5.036
5.14673
5.1826
5.17072
4.86968
4.94494
5.01626
4.94252
5.1446
5.073
5.03645
5.16835
4.98597
5.1474
5.26301
4.83262
5.00648
5.11385
5.02578
5.17116
4.91023
5.07215
5.09924
4.96228
5.0339
4.91999
5.09194
4.92226
5.11994
4.78957
5.23336
5.13129
4.92922
4.87841
5.10472
5.07888
5.0104
4.77681
4.84426
4.95517
4.90552
4.95326
4.90581
4.97512
5.15132
5.0325
4.98322
5.0665
4.84439
4.93816
4.98449
5.12176
5.01847
4.96637
5.02461
4.94636
5.06191
5.12042
5.06079
4.9807
5.11548
4.91338
4.99098
4.91624
4.97308
4.84007
5.22152
5.21435
5.02613
5.04694
5.11328
4.96585
5.05819
4.91941
4.91227
5.21575
4.98966
5.04079
5.12849
5.00382
5.09204
4.95994
4.99232
4.98613
4.88088
5.00381
5.14296
5.09272
4.9452
4.94147
5.00256
5.07307
5.01101
5.06062
4.93733
4.9087
5.1076
5.02236
5.10723
5.05844
4.92228
4.8876
4.91729
4.88608
5.12192
5.10632
5.03152
4.97454
4.95921
4.99944
4.93468
4.98442
4.85602
4.94303
4.95006
5.01819
5.09451
4.95232
5.04082
5.04169
4.88841
5.14692
4.96732
4.99234
4.91987
5.0461
5.21376
4.99348
5.13733
4.94545
5.00504
4.94101
5.16263
4.90953
5.01611
5.06356
4.97868
5.15388
5.01681
4.90945
5.08165
4.97547
4.88059
5.06654
4.98631
4.89846
5.13863
4.93198
5.04059
5.00568
5.09022
5.0466
4.99273
5.20407
5.18151
4.88492
4.93465
4.92421
5.07641
4.9768
5.13976
5.04686
4.99432
5.11857
4.79649
4.99075
4.9803
5.05202
4.80596
4.8258
5.02692
5.15028
4.88594
5.0488
5.04793
4.80938
4.78661
5.02477
4.94431
4.95558
4.94526
5.03989
4.96321
5.10902
5.03192
5.01354
5.06462
5.14433
5.10277
5.18428
4.97166
4.97468
5.15305
5.13296
5.00887
5.08343
4.85877
4.90863
4.99091
5.10741
4.9504
4.94095
5.02682
5.00187
5.0602
4.99447
5.03529
5.11987
5.00486
5.20572
4.95194
4.95803
5.08878
4.83815
4.98881
4.92351
5.04649
4.83146
5.07882
5.06597
5.08952
5.01798
4.97401
5.01384
5.06014
4.94086
4.96168
5.11228
4.96902
5.07593
4.96616
5.1473
4.99183
5.23639
5.13174
4.90861
4.88419
4.90676
4.99321
4.92819
5.11467
5.08141
4.99994
4.98502
5.08033
5.19264
5.14937
5.11039
5.1211
4.9171
5.05799
4.91237
4.79047
5.02939
4.87911
4.89161
5.07598
4.8063
4.94717
5.00479
4.93604
5.03369
4.79976
4.91242
4.95122
4.99925
4.96155
4.98563
5.00742
5.21562
5.10202
4.98482
5.04341
5.11674
4.90562
4.77358
4.88053
5.19201
4.93131
5.09113
5.01517
5.10215
4.9798
4.93779
5.06603
4.83877
5.00161
4.92646
4.99912
5.0394
5.0045
4.79355
5.00873
4.90832
5.02389
4.91525
5.08733
4.81639
5.06325
4.79501
5.10666
4.99326
5.03038
5.18262
4.98372
5.03469
4.80574
5.03165
4.95532
4.97659
5.06549
5.00905
5.04191
4.98609
4.89452
4.92811
5.04656
4.94416
4.89224
5.09288
4.97025
5.05188
4.96744
4.85177
5.10217
5.13106
5.13737
4.96203
4.88989
4.96152
5.16335
4.95032
5.01967
4.92044
4.83436
4.93266
4.83658
4.95522
5.02115
5.3057
4.87216
5.00852
4.9738
4.99509
4.96014
4.91012
4.96709
5.02627
4.86764
4.89218
5.15156
5.01482
4.8923
4.81145
4.96139
4.91913
5.03502
4.97295
5.06478
4.91933
4.95876
5.0173
4.87853
5.02119
5.07839
5.01455
5.13126
5.17999
5.07611
4.97959
4.93777
5.02817
5.04238
5.05793
5.00733
4.98342
5.06635
5.01437
4.89277
5.00699
5.01107
4.9643
4.99918
5.0671
4.90569
5.13768
4.97242
4.97853
4.94632
4.98315
4.9933
5.0803
5.05625
5.02325
4.97739
4.95167
4.96945
4.95207
5.04891
4.90589
5.06017
4.96858
4.76773
5.03705
4.97133
4.99114
4.98793
4.94153
4.97356
5.04686
5.06194
4.96154
5.00149
5.09642
5.05455
4.90282
5.05024
5.03693
5.23893
5.01242
5.05414
4.92651
4.97102
5.00893
4.98791
4.96689
5.09678
4.97938
4.96833
4.95657
4.95877
5.06203
5.00472
4.94548
5.02433
5.04047
5.02684
5.04116
5.03115
4.91106
5.04069
4.95473
5.02782
5.01006
5.07222
5.17169
4.99091
4.94424
4.97702
5.04738
4.99401
5.06439
5.03046
4.93801
4.94154
4.9972
4.90536
4.96827
5.01725
4.82591
5.18767
4.83183
4.96335
5.03599
4.95043
5.09738
4.96099
5.1434
5.06252
5.00099
4.93895
4.91381
4.8271
4.92882
5.063
4.99556
5.07557
5.01163
5.03948
5.23354
4.84857
5.01616
4.98593
5.20205
5.1182
5.09589
4.92581
4.9344
5.03971
5.08407
5.06551
5.00057
5.15583
5.09152
5.0624
5.07207
5.03299
4.82641
4.89018
5.1754
4.9647
4.98122
5.11778
5.04837
4.96156
4.9334
4.92506
5.02155
5.03271
4.99236
4.9312
4.91726
4.76884
4.92845
4.85476
5.06513
4.90414
5.12553
4.96909
4.98489
4.9762
4.98243
4.98193
4.93623
5.01419
4.96355
4.94938
4.9848
5.02691
4.89899
4.9961
4.73777
4.94955
4.98513
5.04039
5.11254
5.14312
5.10151
4.93329
5.06044
5.04201
4.85328
4.95963
5.04101
5.05523
5.14347
5.18594
4.99867
5.04885
4.86006
5.10489
4.97452
4.93151
5.13635
4.99695
5.02084
4.94909
5.03224
5.03438
4.97275
4.96354
5.05212
4.92846
5.01458
4.94801
4.95295
4.94983
4.97225
5.08418
5.18798
5.02673
5.13327
5.05488
5.07632
4.95282
5.06074
5.02366
5.07376
5.0122
5.09141
5.02505
5.10358
5.12253
5.05034
5.14124
5.04399
5.07529
5.01772
4.84954
5.02427
5.01974
5.08476
4.94457
5.09509
4.7632
4.86503
4.93806
4.96366
4.99549
4.93994
5.00727
4.9742
5.03225
4.99864
5.0357
4.97085
4.90923
4.98531
5.06368
5.04119
4.99202
5.07295
5.00644
5.09765
5.0188
5.09526
4.94836
5.02857
4.96177
5.10226
5.04911
5.0729
4.94276
4.8957
4.9863
4.97046
4.91186
5.15383
5.09063
4.87362
4.85311
5.01724
5.06283
4.92287
5.04264
5.08035
5.18025
5.01698
4.90399
5.03707
5.08686
4.87357
4.82909
4.86621
5.21311
4.97286
5.00535
5.01935
4.9027
4.94703
5.08348
4.98301
5.13914
4.92021
4.86915
5.03528
4.97817
5.13791
5.0404
5.00804
4.97191
5.06334
4.89128
4.87868
5.16264
5.17131
5.00987
5.01627
4.75405
4.98653
4.76384
4.97453
5.01177
4.88705
4.91883
4.84915
4.9711
4.97789
4.91194
5.1773
5.03458
4.91597
4.86804
5.15332
4.98233
5.02295
4.97848
4.86039
5.06349
5.12072
5.03535
5.02854
5.22498
4.90162
4.967
5.11683
4.99848
4.96145
5.07782
4.89438
4.95051
4.94642
5.04356
5.00065
4.97295
4.95948
4.90259
4.86022
5.01735
5.07509
5.06747
4.97044
5.12753
4.9811
4.87599
4.95791
5.04267
5.1655
5.03286
5.22831
5.12894
5.10158
5.14425
5.07363
5.05343
4.96851
5.05179
5.06228
5.02699
4.89223
4.96547
4.91344
5.12106
4.82355
4.85511
4.86479
5.1173
4.92606
4.93817
4.8171
5.02008
5.05122
5.19469
5.10196
4.96028
5.08676
5.0522
5.06157
4.96308
5.0108
5.0625
5.00802
4.99305
4.93968
5.25982
4.97907
4.98212
5.05344
5.07582
4.866
5.10113
4.91017
5.00158
4.84278
5.07314
5.00858
5.0222
5.05042
4.92757
4.95622
4.98069
5.1094
5.0167
5.17953
4.97993
4.90251
4.8897
4.96997
5.01134
5.22933
4.93943
5.10993
5.1172
5.02452
4.92038
5.14795
4.88024
5.09888
5.12742
5.04026
5.02387
4.95777
4.91773
4.96066
5.0827
4.97357
4.88033
4.87738
5.01805
4.84818
4.89617
5.00018
5.04433
5.17466
5.09086
5.0806
4.9744
5.19382
4.93105
5.10097
5.08877
5.00562
5.00327
4.94378
4.94519
4.94878
5.00869
5.08299
4.96013
5.0961
5.06017
4.94478
4.97601
5.05601
4.98515
4.97716
5.0634
5.07534
5.11389
5.03323
5.19946
4.99831
4.99636
5.03079
4.94401
4.99289
4.92375
5.06672
4.77765
5.05572
5.07001
5.03725
5.05933
4.92947
5.04198
4.84201
5.19387
5.16467
4.99787
5.01231
5.21549
4.98287
4.98614
4.88575
4.95918
4.74625
4.97349
5.00186
4.97143
5.04239
4.9838
4.98824
5.0765
5.07138
4.89172
4.97922
5.10657
5.05734
5.04774
4.82684
4.97083
4.96287
4.96016
4.99315
4.92068
5.0921
4.95267
5.15072
5.11754
4.83504
4.92169
5.1638
4.97101
5.04289
5.03996
5.04294
5.09025
4.99298
5.03992
5.12385
5.03498
5.01982
4.78284
4.95363
5.24033
5.00976
4.92002
5.10833
5.09175
5.08401
5.00761
4.98093
5.11699
5.11286
5.01517
4.96975
5.11231
4.96529
4.95907
4.98713
5.07356
4.95866
5.03235
4.87362
5.05856
4.94468
5.12268
5.07117
5.09597
4.86999
5.09484
4.94386
5.00883
4.98658
4.90996
5.05073
4.9058
5.06686
5.00626
4.99512
5.0682
4.74547
5.1291
4.93546
4.98526
4.93079
5.10619
5.0615
4.83862
5.08134
5.01359
5.01291
5.14653
5.07045
5.11962
4.87135
4.99507
4.9862
4.86407
5.00248
5.08753
4.80343
5.06758
4.9438
4.94496
4.9268
4.84561
5.18212
4.75537
4.82911
4.95552
5.03085
4.93895
5.09026
5.01917
4.99947
4.927
4.86264
5.0269
4.87366
5.13669
4.93254
5.00348
5.06961
5.05451
4.94962
5.21245
4.97588
4.95765
4.97057
4.8588
4.90971
4.92109
5.02584
4.9776
5.24628
4.84354
5.0427
5.06114
5.05491
4.98756
4.95415
4.98663
5.17064
5.1779
4.91257
4.93702
5.03792
4.93619
4.98689
4.86408
4.93529
5.03202
5.23891
4.96948
5.00431
5.10778
4.9194
5.09529
5.11421
4.93671
5.0229
5.17518
5.14319
4.97491
5.15788
5.08261
5.01767
4.97362
4.96787
5.02178
5.32177
4.99997
5.12102
4.98288
5.02153
5.04181
5.06655
4.97665
4.89917
4.94496
5.00979
5.1156
5.12526
5.08351
4.96835
4.97725
5.00767
4.8475
5.07006
4.98577
4.96559
4.95831
4.91273
4.93117
5.06769
5.0282
5.10209
4.99517
5.12427
5.06575
4.89221
5.05076
5.06595
4.98637
5.01103
4.87843
4.94312
4.93287
4.95103
5.12606
5.08383
5.15338
4.97136
4.94586
5.16082
5.21122
4.94666
5.05991
5.12206
5.0368
4.9689
4.8524
5.04554
5.05507
4.96437
4.92311
5.00556
5.02467
4.97441
4.96505
4.69767
5.11037
5.12823
5.23957
4.97955
4.99441
4.96779
4.98532
5.04
5.01387
5.08545
5.0887
5.01041
5.09549
5.09008
4.78757
4.93069
4.84122
5.08629
4.94627
4.98373
5.00933
4.92194
4.94958
4.99975
4.96595
5.06277
5.09923
4.8884
4.97433
5.38686
4.94479
4.92931
5.0348
5.0076
4.94161
4.76711
4.85342
4.8806
4.96377
5.10808
4.92057
5.03149
4.95358
5.0027
4.93956
5.04058
5.11213
5.04406
5.06956
4.98281
5.14168
4.97625
4.8794
5.04613
4.91259
5.00062
5.00481
5.01099
4.97742
5.01454
5.17406
4.97938
4.9946
4.97445
4.99224
4.87663
5.0145
5.10789
5.00972
4.97406
4.9825
4.97012
5.0205
5.02173
5.03579
4.95072
5.00716
4.93358
5.11374
5.0026
4.93386
5.07509
4.93453
4.95233
5.18808
5.02574
5.01301
4.96848
5.02578
4.9597
4.97109
4.98757
4.95901
5.01059
5.02287
5.0546
5.01266
5.01468
5.0548
4.93707
4.95283
4.9708
5.23538
4.90678
5.00549
5.06194
4.95008
4.89934
4.95003
4.99105
5.03758
5.042
4.94175
5.05717
4.9489
4.93112
5.01102
5.05393
4.87873
4.87193
5.11409
4.99743
4.9777
5.02765
5.03388
5.17996
5.125
5.01281
4.99754
4.86994
5.01491
5.08146
4.92568
4.90164
4.92084
4.98414
4.95057
5.02247
4.8117
4.94905
4.9474
5.11707
5.0196
5.00638
5.12002
4.99962
4.90116
5.09274
5.04058
4.92353
4.9407
5.01273
5.01519
4.92783
5.02925
5.00659
5.10813
5.12713
5.13281
4.98336
5.04081
5.00019
4.95152
4.91893
5.07372
5.05671
5.13538
5.06006
4.93837
4.97056
5.0925
5.03728
5.01893
5.06595
5.06472
4.98672
5.04132
5.02379
5.05393
5.06616
5.04127
5.00452
4.87856
4.86718
5.02235
4.93892
4.93137
5.0034
5.04195
4.85624
5.06181
5.10063
5.03747
4.91277
5.08846
4.94323
4.91537
4.86495
4.98702
4.9752
4.90527
4.78974
4.9181
5.01753
5.15861
4.99744
4.8714
4.96281
4.98224
4.893
5.09211
4.90787
4.95142
5.09693
4.97994
4.9957
4.77034
5.17955
5.1519
4.80235
4.90718
5.00381
5.10524
5.05127
5.0804
5.04976
5.10008
5.09591
4.91269
5.04288
5.01976
5.03615
4.73706
4.94845
4.89997
4.96799
4.93209
5.12407
5.10028
5.01471
5.01372
4.9674
4.92859
5.10979
4.92697
5.14982
4.92052
5.02256
4.86562
4.98887
4.96371
4.80234
5.22262
5.035
5.0091
4.91142
5.02938
4.83837
4.92741
5.07776
5.15532
4.93855
4.88874
5.05669
4.89112
4.99502
5.27677
5.05379
4.9578
5.03177
5.091
4.95686
4.97805
4.97072
4.96823
4.93011
4.97155
4.97543
4.99479
5.09974
4.88588
4.8843
5.14318
4.98376
5.10932
5.16155
4.9527
5.18022
4.89226
5.19445
4.96656
5.04948
4.95713
4.95309
5.06542
5.06007
5.25381
5.14098
5.11896
5.08162
4.99158
4.89647
4.98938
5.07938
4.9503
4.93813
4.9411
4.92827
4.96317
4.74289
5.00415
4.87587
4.98922
5.08106
5.04287
4.9848
4.87762
4.94917
5.03537
4.97666
4.99565
4.92628
5.06482
4.9753
5.08848
4.90874
4.97509
5.15889
4.93063
5.05314
4.97407
4.80089
4.89111
5.0375
5.04272
5.07574
5.00074
5.06681
4.95843
5.01958
4.82889
4.8785
4.92297
4.99958
4.89988
4.94682
5.04944
5.0261
4.92548
4.96828
5.0046
4.92629
5.04016
5.00796
5.13833
5.03676
4.99372
5.13896
4.95899
5.08498
5.04607
5.123
4.89961
5.04802
5.03976
5.03795
4.97056
5.09457
5.05414
5.04768
4.92134
5.28752
4.97528
5.05529
5.02085
4.8384
4.87806
4.89912
4.90956
5.00962
5.03108
4.99225
5.13286
5.13898
4.85762
5.00008
5.04684
5.06242
5.02199
4.93106
5.01376
4.88878
5.05167
5.02504
5.05963
4.8908
5.10552
5.00539
5.10099
4.95455
4.98046
5.00965
5.09984
5.06644
4.9462
5.09094
4.99729
4.96219
5.04424
5.11602
4.96416
4.89338
5.35538
5.21545
5.00738
4.93561
5.06034
5.05508
5.05096
5.08351
4.97227
4.95279
5.11029
4.9986
5.24186
5.01756
5.04204
5.03606
5.14466
4.9486
5.11378
5.11377
5.06603
4.9459
5.06211
4.99894
5.09424
5.15162
4.91268
5.14216
4.95753
5.01909
5.12341
5.2418
4.98543
4.94262
4.93743
4.97636
4.95676
4.86431
5.18043
4.99439
4.9126
5.19145
4.95388
4.96424
4.92301
4.80729
5.04897
4.98098
4.88568
4.94831
5.03581
4.94473
4.93359
4.92911
5.04794
5.0648
4.98934
5.0523
4.97354
5.05402
4.9768
5.09862
4.87317
4.93563
4.95696
4.94348
4.92155
5.01138
5.04258
4.86153
5.16208
4.95144
5.12438
4.93093
5.02515
4.92706
4.80578
5.03652
4.96542
4.92296
5.01569
4.91068
4.9624
4.96356
5.01972
5.01913
4.98991
5.08786
4.94533
4.93
4.95489
5.04359
4.94304
5.14486
4.96759
4.93951
5.04629
4.94561
5.03699
4.98072
4.9325
5.0933
4.68499
4.93231
5.01894
5.07599
5.14323
5.04178
5.17245
4.98323
5.12587
5.12844
5.14433
4.87226
5.1572
5.08479
4.98018
4.88803
5.04624
5.0192
4.94237
5.01931
4.98735
4.89486
5.10796
4.95906
4.94992
4.94768
5.07751
5.12751
5.20236
5.19583
5.10209
5.0146
5.06392
5.09115
4.86306
5.07322
4.91195
4.90995
4.95935
4.8847
4.8718
4.9433
4.9276
5.02957
4.94085
5.03996
4.96569
5.08061
4.91506
4.83734
5.08917
4.90665
5.02682
5.12369
4.97706
4.89731
5.12147
4.97627
4.9793
4.94658
4.978
5.0172
5.03691
4.93092
4.88648
5.00329
4.96298
4.95436
5.03727
5.20734
5.13737
4.87463
4.98833
5.03314
5.11528
5.02757
4.9486
4.96259
4.95967
4.89841
5.22109
4.98534
5.03715
5.01545
4.76965
4.93555
5.16536
4.97001
4.87238
5.05045
4.87633
4.95598
4.99303
4.95254
4.9262
4.98751
5.07084
4.92347
5.10878
4.94623
4.94413
4.93947
5.0011
5.05728
5.07528
5.03026
4.92588
4.90039
4.96896
4.88486
4.89914
4.80143
5.06766
5.10101
5.24341
4.83608
4.99624
5.30331
5.0273
5.11319
4.91264
4.83407
4.91579
4.96304
4.9928
5.01528
5.03631
4.75676
4.90968
5.05298
5.00776
5.03046
4.86967
4.97937
5.01884
5.05218
5.00422
5.04477
4.89177
4.88216
4.99694
4.93186
5.26952
5.12629
4.94814
4.97032
4.9626
5.0815
4.84675
4.92292
5.03632
4.96841
4.9605
4.95501
4.91877
5.00579
4.91861
4.95178
4.71744
4.96726
5.17475
4.91733
4.97514
4.99798
5.00113
4.81074
4.89362
5.01261
5.05061
4.95256
5.02687
4.97887
4.95173
4.93671
4.91659
4.99212
5.04286
5.02288
4.98341
4.90696
5.1292
4.90157
4.96554
5.04543
5.06021
5.06272
4.94342
5.08608
5.023
5.00716
5.04252
4.99161
5.04976
5.13202
5.02935
4.84135
5.03164
4.93924
4.92263
5.08604
5.01747
5.02846
4.98787
4.986
5.03964
4.94832
5.06556
4.91627
4.91747
4.86944
5.04011
4.91939
5.05281
4.99688
5.1151
4.89822
5.07093
4.87975
4.95797
5.05473
5.05671
4.91969
4.93649
5.04633
4.95801
5.10892
5.18405
4.84339
4.9504
4.95908
4.94844
4.83972
4.90266
4.94198
5.00227
4.9044
4.96075
5.16734
4.9316
4.98222
4.99586
4.94127
5.00334
5.11482
5.01016
4.91408
4.99547
4.94326
4.99895
4.97551
5.06929
5.08154
5.17365
4.76926
5.06958
4.96836
4.84732
5.05159
4.98133
5.02993
5.09163
4.99652
5.01789
5.02653
5.0186
4.87125
4.88631
4.93676
4.9515
5.05176
5.14198
5.09148
4.93661
4.93112
5.0004
5.17995
4.93912
4.91269
5.01844
5.02263
5.12869
4.99952
4.99141
4.96876
4.89879
5.11222
5.09544
4.93505
4.96145
5.10357
5.077
4.98401
4.98548
5.07261
4.8884
4.97968
4.92305
5.03961
5.10189
5.07276
4.97069
4.88901
4.94274
5.08581
5.03754
4.90981
4.8798
5.12905
5.02149
4.9441
5.07739
5.03216
5.07199
4.90817
5.00122
5.07956
5.24729
4.998
5.11351
4.96299
5.02874
5.05956
5.01147
5.11154
5.11932
5.03876
4.87315
5.04501
5.06095
5.03902
4.84946
5.06782
4.88887
5.07142
4.9857
5.1479
4.94743
5.0875
4.94514
5.01246
4.95059
4.72049
4.9291
4.86473
4.91078
5.0069
5.10487
4.89134
5.01502
4.95082
5.14395
4.87019
4.96071
5.0641
4.96133
4.91451
5.02688
5.09578
4.91592
5.03156
5.08105
5.02966
4.92475
4.86011
4.96939
5.09509
5.06795
4.97236
4.97745
5.13117
5.04883
4.92799
5.05042
5.10203
5.06911
4.81331
5.067
4.96112
4.88249
5.16633
4.8917
5.01226
4.77895
4.77318
4.92501
5.13643
4.94366
5.04876
5.05108
4.99321
5.19137
4.90459
5.06844
4.83949
5.16765
5.14013
5.04942
5.06967
5.03366
5.03662
4.99764
4.99511
4.95629
4.9461
5.03982
5.15673
4.82035
5.00086
5.04057
4.95734
5.06874
4.91585
4.8085
5.01158
4.96265
4.98068
5.11405
5.00691
5.03858
5.098
5.00668
5.0285
4.99233
4.98095
5.00737
4.76857
5.00204
4.9112
5.07975
5.07416
5.00358
5.09675
5.06553
4.91658
4.98593
5.02263
4.94787
4.87485
5.09916
5.09437
5.04966
5.18066
5.03536
5.11932
5.02874
4.93068
5.05438
4.93346
5.06383
4.87927
4.90221
5.02192
4.90925
4.93491
5.02554
5.18389
4.91825
4.80046
5.04627
4.88848
5.06613
5.15249
4.87801
5.00716
4.93249
5.02995
5.06878
5.11328
4.91862
4.93187
5.03355
5.05181
4.82656
4.90448
5.0878
5.12756
5.17787
5.10643
4.9901
4.9217
5.12218
5.15071
4.82663
5.07472
4.95007
4.95465
4.90835
4.99176
5.02817
4.94005
4.9154
4.93022
5.08964
4.95998
5.0442
4.99179
4.975
5.07904
5.19874
4.95173
4.96461
4.89684
4.75046
5.02458
4.81324
5.05214
5.03501
4.954
5.06894
5.03782
5.01705
5.01949
4.92666
5.00179
5.04215
5.06604
5.06091
5.04782
4.92538
5.05378
5.03794
5.21432
5.07684
5.1451
5.03634
4.98396
5.09264
4.97104
5.02718
4.8536
5.14083
5.00084
4.84288
5.08713
4.97458
5.09062
4.80906
5.01094
5.09011
4.87225
4.95917
4.89615
5.0368
4.93245
5.09945
5.06112
4.98648
5.07138
4.8428
4.85544
4.90979
5.06798
5.07673
5.10148
4.96465
4.97716
4.98056
5.11978
4.91464
5.08946
5.15478
4.77618
5.08117
5.01787
4.8079
4.98217
5.02677
5.03598
5.0627
4.94171
5.02053
5.03226
5.10681
5.00902
4.8257
4.90152
4.99173
4.9333
5.15514
4.91402
4.97893
5.27274
4.77736
4.81357
5.01534
4.97651
5.01212
4.98911
4.96694
5.09929
5.12233
5.12505
5.02078
5.08393
5.15871
4.87812
5.08605
4.95114
4.96145
5.01407
5.0289
5.12103
5.06715
4.78668
4.9784
4.87741
5.00036
5.03549
5.01537
4.98988
4.99013
4.70198
5.14967
4.96101
5.02542
5.06235
4.96071
4.92373
5.05594
4.96062
5.07016
5.02779
5.0842
4.97414
4.97047
4.76861
5.01923
5.15238
5.05839
4.94829
5.22842
5.1638
4.96958
5.02828
5.06994
5.0198
4.90675
4.79159
5.04575
5.11901
5.05956
5.11567
5.09059
4.97559
4.78302
5.09206
4.85957
5.03623
5.04932
5.03423
4.93575
4.9684
4.92234
4.95611
5.10167
5.0415
5.20531
4.88001
4.96584
4.88344
4.92985
4.98937
4.98491
4.94374
5.17436
5.00418
5.14992
5.00309
4.99974
5.02484
4.9622
5.06113
5.13229
4.88392
4.92621
5.1346
4.9317
5.03001
4.97966
4.91714
5.02933
4.90376
5.06017
5.15805
5.03217
4.81925
4.91714
5.08477
5.03727
5.01067
4.87948
4.93626
5.05088
4.99691
4.9467
4.94377
4.97624
5.07621
4.90315
5.00205
4.97893
5.0403
4.94512
4.92282
5.03611
5.03902
5.02748
5.03345
5.02711
4.91265
4.9712
5.01862
4.82504
5.02323
4.94801
4.90732
4.99832
5.06968
5.10325
5.08337
4.9747
4.97222
5.02152
5.12217
5.06861
4.931
5.091
4.72125
4.95171
5.07989
4.91539
4.96319
4.95111
5.16706
5.0257
5.02611
4.89037
4.87929
4.93281
4.95231
4.84734
5.04355
4.92413
5.02746
5.05961
4.92496
4.85429
5.02491
5.04001
4.96053
4.83811
5.21635
5.23003
4.9964
5.10993
5.17301
4.70562
5.02469
4.98855
4.97301
4.8274
5.11249
4.69184
4.97794
4.95507
4.89728
4.98227
5.0865
4.94982
4.99292
5.03703
4.97198
5.10271
5.02541
5.03809
4.87237
4.93897
4.97453
4.9375
5.07369
5.15671
5.11941
5.04882
4.94294
5.09951
5.16928
4.78622
5.0721
4.90589
5.08019
4.83117
5.00904
5.02316
4.91249
5.10731
5.00724
4.97728
5.04392
5.05171
5.04682
4.90492
4.97754
4.88239
5.03578
4.89715
4.99517
5.01394
4.98684
5.00366
5.0184
5.1133
5.00882
4.9197
4.96767
5.04769
5.07887
5.09883
4.93178
4.86706
5.06444
4.96841
5.13531
4.93507
5.11138
5.07108
4.98839
4.85992
4.85468
5.10047
5.04638
5.07825
5.12191
5.12387
4.91978
4.99084
5.13318
5.00206
5.0493
5.03784
4.83274
4.99602
4.9519
4.87467
5.02329
5.04581
4.9742
5.00605
4.95096
4.98591
5.01705
4.92373
5.01958
4.97543
5.02813
5.06032
5.05287
4.90339
5.05219
5.0676
4.99384
4.9286
4.82841
5.17436
4.96182
5.07209
5.13887
4.91698
4.84013
5.09318
4.95135
5.12167
5.05713
5.17969
5.00994
4.98002
5.07238
5.04207
5.14454
5.02446
5.11262
5.01512
4.90713
5.02072
5.15063
5.11767
5.11195
5.02636
4.96792
4.8066
5.04073
5.13755
4.99613
4.90107
4.94319
4.96467
5.02397
5.13492
5.04788
4.87807
4.91681
4.94679
4.88248
5.158
4.89769
5.09133
4.97903
5.05471
4.92478
5.03458
4.91015
4.87553
4.91218
5.02286
4.91598
5.09856
4.99682
5.009
4.9613
4.85657
5.11749
5.13492
5.01317
4.93786
4.97662
5.08356
5.08623
5.06593
4.92358
4.93342
5.10043
4.79259
4.97605
5.02551
5.12547
5.03204
5.10434
4.97816
4.94891
4.89075
5.0204
4.69355
5.09938
5.10098
5.17454
4.8761
4.96665
4.89962
5.09179
5.01507
4.98532
5.1545
4.93474
4.96383
4.9113
5.02601
4.98853
5.25482
5.03293
4.95891
4.95798
4.94194
5.12104
4.92855
4.97694
5.06869
4.99791
4.91305
4.9915
5.09259
4.97722
4.98291
4.91339
5.14421
4.96093
5.0806
5.04484
5.06813
4.83336
5.00562
5.13065
4.93987
5.06446
4.90717
4.97044
5.04683
5.14108
5.25108
5.06203
4.8983
5.09797
4.95524
4.92577
4.97826
5.08678
4.99647
4.82028
4.95888
5.0058
5.01125
4.87854
4.86644
5.10861
5.00542
4.90364
4.98928
4.99912
5.02227
5.03939
5.14653
5.048
5.0016
4.99401
5.03996
4.91035
5.08241
4.89188
4.87918
4.93407
5.03691
5.15714
5.06064
4.95286
5.18475
4.94589
5.03516
4.96332
5.04746
5.02571
4.90075
5.02674
5.16591
4.84685
4.9966
4.79282
4.96333
4.90197
4.97759
4.98628
5.03491
4.93729
5.00707
5.01098
4.92633
5.04781
5.1992
5.06354
5.00148
4.96319
5.13126
4.99548
5.00217
5.00906
4.91098
5.13444
4.87389
5.04382
5.1905
5.07655
4.88466
5.15831
4.89351
4.90006
4.98256
4.99722
5.16225
5.11313
4.91729
5.1291
5.06046
4.9274
4.99245
4.89519
5.12345
5.02404
4.89468
5.03952
5.05284
5.01004
4.9753
5.16067
4.94567
4.97852
5.02333
5.00017
5.06021
4.90503
5.14996
4.89047
4.982
4.94762
5.04977
5.01395
5.05128
4.92431
5.06555
5.08117
4.99348
5.02421
4.89734
5.02857
5.00955
5.01694
4.81788
5.06347
5.06117
5.01883
5.01993
4.85321
5.00595
4.97384
5.0564
5.04095
5.0512
4.92418
5.08197
5.03957
4.95411
5.04555
4.96164
5.04548
5.04545
5.01711
4.86467
5.03278
4.79406
4.88398
5.13109
4.89852
4.98845
4.95319
4.93997
4.92671
5.00999
5.10513
5.15083
4.89425
5.00934
4.93641
5.09849
4.96356
5.03312
5.19118
4.95719
4.9718
5.09599
5.06579
5.07383
5.13473
5.00276
5.01571
5.09762
5.05219
5.08288
4.96474
5.03833
4.90628
4.90811
4.99538
4.90475
5.12787
4.94477
4.99662
5.08793
4.91948
5.0356
4.96909
5.02958
4.89337
5.00804
4.96163
5.0978
4.91216
4.93071
5.0406
4.98117
4.8738
5.00823
5.10784
5.04653
4.93846
5.09189
4.95861
4.98233
4.89582
5.10919
5.00373
4.95443
4.95896
4.96382
5.09964
4.98213
5.04812
4.95775
4.98952
4.98505
4.99267
4.9702
5.00315
5.02028
4.92892
5.1334
4.83985
5.03509
4.99952
5.06858
4.98677
5.00008
5.05703
5.12596
5.09874
4.99864
5.06452
5.18946
4.9527
5.10436
5.0826
5.04132
4.96579
5.09748
5.10485
4.98882
5.09598
4.9533
4.95521
4.93319
4.96294
4.99638
5.06874
5.13947
5.01645
5.03304
4.98582
4.84753
5.0514
5.0619
5.01943
5.09542
4.87012
4.92815
4.98062
4.96697
5.06838
5.08278
4.86959
4.87353
5.02354
4.87876
4.97672
4.9079
4.98534
4.97251
4.78616
5.10768
4.94403
4.94457
5.05163
5.06709
4.91469
5.08057
4.89241
5.08678
5.095
4.90629
4.8085
4.93411
5.07395
5.07753
4.9353
5.19775
5.02951
5.05274
5.01928
4.96975
5.03511
5.05351
4.99065
4.90778
4.98798
5.03291
4.97111
4.98824
5.1604
5.02625
4.93302
5.05112
4.98401
4.99966
4.92713
5.05389
5.00499
5.05381
4.83507
4.94241
4.89696
5.05914
4.97313
5.02697
5.09683
5.02462
4.92457
5.10993
4.8684
5.0584
5.00942
5.14927
4.99981
4.98459
4.94499
4.9005
4.94652
4.98368
5.02207
4.86644
5.01228
4.95638
5.09301
4.97944
5.05184
5.03313
5.13483
5.07652
4.99145
4.98158
5.11725
4.97291
4.90716
5.04508
4.85685
4.97865
4.94252
5.10333
5.06251
4.96905
4.99847
5.05283
5.00577
5.18145
5.11546
5.00578
5.14089
4.89775
4.96329
4.88259
4.89507
4.75356
4.91757
4.89756
5.0658
4.81859
5.24545
4.94492
4.96307
4.95267
4.89808
4.99927
4.88312
5.07488
5.05695
5.1847
4.98463
4.99741
4.96058
4.98529
5.00793
5.01397
5.09371
5.03613
5.10528
5.08592
5.00559
5.13352
4.88022
4.99781
5.13678
4.91558
4.99059
4.97948
5.0391
5.12785
5.08634
4.92718
5.10719
4.96942
4.96292
5.03952
4.96204
4.92774
5.11389
5.00365
5.03375
5.05217
5.0306
5.01793
4.97643
4.85519
5.09324
5.1501
4.95032
5.06318
4.94847
5.03838
4.97382
5.14384
4.90749
5.10649
4.89589
4.975
5.00798
5.00036
4.96758
4.89689
5.15142
4.86752
4.91905
5.09493
4.96286
5.1624
4.90884
4.88204
5.08425
5.11845
4.91139
4.91577
4.9484
4.83487
5.03989
5.02061
4.99282
4.94913
4.87592
4.89846
4.90302
4.99486
5.08866
4.90915
5.10759
5.07146
4.92956
5.14271
4.89213
4.86986
4.99098
4.97216
4.98154
5.08328
4.9483
4.99669
4.84046
5.0795
4.91399
4.85041
5.20199
4.99367
5.02707
4.93899
5.06208
5.02583
4.86493
4.87038
4.90743
5.04855
4.94855
5.05634
5.07009
4.93428
4.99553
4.97434
4.94038
4.96383
5.08048
4.90153
5.03063
4.95106
5.02209
5.06175
4.97969
5.20372
4.98494
4.89348
5.05169
5.08125
5.0048
5.0752
4.87729
5.08043
4.96031
4.85596
5.09037
5.01274
4.92126
5.05469
4.79173
5.02245
5.11926
4.79173
5.03765
5.15415
5.0585
4.89883
4.9648
5.06535
4.86659
5.1058
4.88392
5.20627
4.91564
5.18682
4.89544
5.13424
4.98677
4.84086
5.04555
5.06256
4.86355
4.96455
4.94406
5.11686
5.02966
4.87948
4.9741
5.00059
4.86564
5.11335
5.0112
4.8659
5.17521
5.00744
5.05132
4.864
5.02505
4.76775
5.154
4.93511
4.89818
5.1476
4.99058
4.96662
5.15147
5.12286
5.02472
5.02021
5.01414
4.99672
4.97807
4.82301
5.16911
4.91284
5.27524
5.14268
5.0014
5.0798
4.98545
4.96081
5.16153
5.01599
4.92625
4.85245
5.10113
5.03578
4.97184
5.10054
5.02264
4.97846
4.99071
4.86558
4.81993
4.90547
4.98438
5.01602
5.0905
5.05023
5.1023
5.09795
5.00712
4.89956
5.12603
4.98686
4.96235
4.8802
4.93132
5.04954
5.0258
4.95035
4.92251
5.08369
4.86385
5.09598
5.01537
4.88253
5.06088
4.83354
5.00284
5.00093
5.13778
5.03143
5.0069
4.92152
4.96178
5.09726
5.08185
5.09553
4.99676
5.01424
4.88244
4.98576
4.84033
5.05165
4.67351
5.05989
4.92655
5.14881
4.85493
5.13491
4.9925
5.15366
4.88196
5.01795
5.03598
5.01307
4.90401
4.99083
4.99896
4.97569
4.82
5.02599
5.12144
5.07536
4.87809
4.95081
5.01747
5.04699
4.95034
4.94739
5.05256
4.90464
5.00527
5.00193
4.91835
4.92114
5.12666
4.97252
5.20622
4.78754
4.87981
4.95884
5.00305
5.01309
4.81031
4.85451
5.12874
5.09752
4.85916
5.13445
4.97025
4.89195
4.84493
4.82723
4.98639
5.10827
5.00243
5.01262
4.87422
4.99274
5.1005
4.86419
4.99422
5.00135
5.07882
4.9832
5.11207
5.05037
5.0567
5.10719
4.94013
5.04793
5.13234
4.92708
5.23787
4.88317
5.00396
5.00503
5.04534
4.99108
4.9997
4.86754
4.97785
4.83655
4.89141
4.98228
4.86517
5.10514
5.06647
5.14075
4.96056
5.06247
5.00558
5.0395
5.05916
5.00272
4.96465
5.04936
5.00519
5.09404
4.92383
4.95333
5.02598
4.87331
5.05157
4.9713
5.00791
5.10112
5.02027
5.1932
5.0622
5.11029
4.93412
5.19246
5.05293
4.89352
5.04749
5.02692
4.88964
5.14723
5.14938
4.96683
5.02261
5.08705
5.08678
4.96702
5.09414
5.03425
4.98105
5.11256
5.15416
4.86197
5.01797
5.03642
5.09203
4.99159
5.00795
5.10182
5.05504
4.98064
5.15344
5.05985
4.96841
4.9809
4.92523
4.95135
5.13036
5.05107
5.00251
5.11615
5.14326
5.01781
4.9994
5.02697
4.94792
5.03895
5.07768
4.99665
5.06313
4.98293
5.07213
4.88243
5.10107
4.99398
4.89948
5.00745
5.07964
5.02932
5.04016
4.9424
5.10328
5.01196
5.00974
4.99943
5.03029
4.91307
4.98691
5.00525
4.96729
5.05522
4.82266
4.8773
5.03059
4.90269
5.10438
4.9223
5.04581
4.90272
4.9941
5.0546
5.22083
5.02025
5.00558
5.0429
5.18813
5.01874
5.11852
4.88652
5.06627
4.95955
4.98072
5.04462
5.06289
5.05795
5.10425
4.94684
5.02956
5.00107
5.1248
5.10038
5.14668
4.99332
4.99491
5.15689
5.15453
4.85735
5.05362
4.92637
4.89696
4.93528
5.09901
4.8753
4.99841
5.08855
4.98141
4.95809
4.97633
5.14646
5.03693
4.92037
5.06716
5.00863
5.07642
4.91053
4.95684
4.94224
5.13886
5.05623
5.00479
5.24803
4.96704
4.87274
4.93815
5.06745
4.89849
5.04386
4.92313
5.10452
5.15131
4.89746
4.83752
4.8935
5.02733
4.80041
5.0467
5.11392
4.97482
5.12613
5.14497
5.18975
4.99696
4.84224
5.04963
4.95045
4.92054
5.07856
5.22896
5.02037
5.11593
4.95587
4.85208
5.01396
4.9628
4.98711
4.95882
4.96264
4.93586
4.88316
5.06295
5.08655
5.08515
5.08026
4.99619
5.1704
5.03653
4.94419
4.96716
4.81387
5.03981
5.28146
5.11502
4.8477
5.01691
5.09031
5.07163
4.86414
4.98437
5.07517
5.0544
5.02467
4.95852
5.05066
4.97141
5.09666
5.07738
4.89236
5.0278
5.04607
5.05632
4.93022
4.87213
4.97245
4.9481
4.85538
4.90354
4.78735
4.8297
4.97468
4.98049
4.95284
5.20326
5.03297
5.00118
4.91648
5.00231
4.96128
5.01693
5.02915
4.83931
5.02953
5.00812
4.98204
5.01919
5.0216
4.9886
5.03811
5.08173
4.95384
4.96315
5.01777
5.01834
5.15962
4.93692
4.93763
4.98081
4.99325
4.90578
5.00614
4.97821
5.06029
4.88474
5.02167
4.98373
4.97441
4.95758
4.93031
4.95949
4.96221
5.01767
4.92273
4.88362
5.01737
5.01328
5.06949
5.14805
5.06943
4.81978
4.92162
4.99894
5.06578
5.07437
5.02225
4.92811
5.02398
4.91063
5.0019
4.97942
4.977
5.07232
4.98554
4.97203
4.97639
4.85799
4.99732
4.9711
5.17264
5.11087
4.96211
5.02355
5.10098
5.00227
4.89572
5.05834
5.07052
4.99004
5.0307
4.95912
4.85955
4.98733
5.19958
4.94468
4.97812
4.98787
5.07507
5.04228
5.03385
4.96653
4.85272
4.781
5.01455
4.85768
4.89533
4.98428
5.03395
4.94674
4.91376
4.91988
4.90551
5.04307
5.1263
5.08939
5.01036
5.05908
5.19066
4.8388
4.92213
4.99846
4.93187
4.90114
4.92431
5.09651
4.96124
4.98607
5.05844
5.02713
4.87299
5.08265
5.02139
5.04339
4.93951
4.68975
4.95253
5.03032
4.92479
5.01276
5.00237
5.06046
4.97337
4.98927
5.00998
4.89573
5.04191
4.83859
5.05898
4.90279
5.04506
4.88639
5.04587
4.95368
4.99585
5.06316
5.02936
4.98321
5.03281
4.83032
4.85449
5.14183
5.00681
4.95371
5.08053
5.02617
5.1203
4.99338
5.12499
4.98047
4.99976
5.02084
5.04237
4.97349
5.06957
4.99272
4.98086
5.09261
5.14821
4.91097
4.87832
4.95534
4.86669
4.90152
4.99894
5.02294
5.05227
4.79385
5.03982
5.114
4.84275
4.87968
5.09299
4.88275
5.09217
5.02371
5.05198
5.01062
5.14585
5.13213
5.07591
5.01456
5.09877
4.96127
5.01182
4.961
5.14101
5.14034
4.93704
5.07355
5.1683
4.8327
4.89209
4.74488
4.87613
4.91631
5.02927
4.93968
5.14379
4.95578
5.02054
5.0586
5.08817
5.20341
5.01281
4.98849
4.9441
5.11977
5.05412
5.08882
4.86266
4.93732
5.06267
5.15507
5.0044
4.99004
5.11708
4.99723
5.08549
4.87646
4.93642
5.02305
5.00415
5.0176
5.00731
5.07716
5.0885
5.03195
4.96044
5.02974
4.89799
5.20852
5.1606
4.98103
4.97105
4.97289
5.11288
5.11616
5.08968
5.02079
5.05518
5.01112
5.11121
4.93063
5.00123
4.81547
4.86461
4.88807
5.01186
4.95188
5.03018
4.99021
5.00245
4.94332
4.97663
5.01552
5.10273
5.02288
4.92376
5.01695
4.89765
5.04065
4.85484
5.15834
5.06881
5.17229
4.8505
5.09338
5.02767
5.02664
4.87144
4.82393
5.06566
4.98594
4.97987
4.95548
4.96866
4.82486
5.11787
5.07123
5.17486
5.07569
4.97565
5.23369
4.94722
4.99655
5.03937
4.98621
4.93364
4.79391
4.98849
5.09269
4.96658
5.14515
4.88975
5.08574
4.95823
4.99145
5.17009
5.05027
4.92505
4.9788
4.93744
4.88322
4.91051
5.06031
4.8987
4.86565
5.0053
4.92767
5.05341
4.93621
4.94757
4.93181
5.09339
5.14936
4.98003
5.02667
5.02631
5.0889
4.89594
5.03233
4.92037
4.98106
4.96114
5.03111
5.00027
4.97943
5.04026
4.90535
5.08673
5.00595
4.91361
5.05853
5.00165
4.91484
5.16444
4.89079
5.11039
5.06872
4.91998
5.04654
5.15901
4.87447
4.99539
5.15362
5.119
4.91047
4.97739
5.04634
4.99447
5.00918
4.97286
5.05751
5.00953
4.96608
5.08553
5.06481
5.00326
5.04262
4.85298
5.04358
5.00338
4.92275
5.0742
4.96263
5.13765
5.13103
4.92792
4.97361
5.03436
5.24441
5.07014
5.03379
4.97428
5.10839
4.76187
5.05899
5.11668
4.99787
4.84369
4.97791
5.02742
5.11481
4.9426
4.96366
5.13366
4.90457
5.00926
4.8855
5.04558
5.07859
5.01422
5.11755
5.11104
4.95431
5.01652
4.93037
4.92607
4.982
5.00127
4.95454
4.90102
5.07205
5.15179
5.03329
4.99196
5.18797
4.98668
4.90717
4.95022
5.03313
4.97483
5.10441
5.02574
4.98285
4.92523
5.0307
4.96917
4.9567
5.11733
5.04098
5.03892
4.69143
5.14401
5.04613
4.9342
4.98849
4.83835
4.95508
5.11003
5.10799
4.99514
4.83978
4.98334
5.11457
5.05594
4.90478
5.02889
5.05202
4.77135
5.21186
4.95762
4.96177
4.99936
5.07207
5.08479
4.92232
5.0038
5.14673
5.14361
4.93679
5.12055
5.05359
4.92447
4.99236
5.00019
5.04987
5.00515
5.00301
4.9695
5.15927
4.98726
5.11699
5.14703
4.90413
5.21778
4.96929
4.9547
5.02735
5.08075
5.07567
5.03551
5.09723
4.94407
4.97248
4.98303
4.99921
5.03379
5.07363
5.11279
5.23019
4.99287
5.18071
5.05605
5.16294
5.10297
4.85561
4.96326
5.12017
5.02105
5.06931
4.9816
5.07395
5.09446
5.05524
5.11603
4.95604
4.89906
4.87534
5.14662
5.04121
4.8889
4.87011
5.02521
4.96577
4.90176
4.98581
5.21783
4.99865
5.08343
4.86284
4.91891
5.0363
5.10054
5.01174
5.04716
4.8612
5.09515
5.04019
4.82581
5.02345
5.04086
4.81776
5.17441
4.99356
5.01845
4.86611
4.99252
4.84393
5.09772
4.93458
4.9284
4.97297
5.0314
5.09401
4.94289
5.02398
5.00665
5.04231
5.09988
4.8672
5.01239
5.1369
5.08426
5.01438
4.97772
5.03652
5.08964
5.00569
4.83751
4.97436
5.06233
5.01423
4.98438
4.94512
5.15392
4.81585
4.97145
5.04464
5.10095
5.11518
4.97447
5.02706
5.03815
5.01413
5.16483
4.97039
4.95325
5.10418
4.99743
5.01078
5.00786
5.07194
4.90634
5.00119
5.15942
5.02206
5.18795
5.03962
4.89961
4.87719
5.10256
4.92383
5.03687
4.96423
5.11391
4.90193
5.03162
4.96693
5.11361
4.9802
4.91036
5.12205
4.9941
4.85192
4.89837
4.95457
4.8766
4.90949
4.95293
5.15078
5.01734
4.96999
5.07997
5.08734
4.80943
5.11873
5.1104
4.95391
5.00972
5.09193
5.00215
4.90227
5.14761
5.22782
5.04825
5.04208
4.93998
5.09319
4.929
5.11722
5.01714
4.84173
4.86817
5.06285
5.02313
5.08475
4.95709
4.89428
4.95921
4.88147
5.07307
5.07125
4.97734
4.85916
5.06004
4.85068
4.84607
4.92171
4.89298
5.08785
4.87431
5.20701
5.09671
5.10084
4.98931
4.95502
4.98318
4.91607
4.95481
4.98068
5.1105
4.96191
4.94594
4.95742
5.09401
5.04334
5.1483
4.93274
4.85512
5.1318
5.13198
5.11005
5.09863
5.05534
4.97962
5.02506
4.99718
4.9114
5.01503
4.96255
5.08351
4.99862
4.95897
5.06065
4.89443
5.0126
5.11722
4.92743
4.82796
5.04805
5.10594
5.05973
4.94058
5.03339
4.99833
5.06655
4.95857
4.99634
5.01964
5.02705
4.99832
4.85926
5.07433
5.08705
5.04176
4.86883
5.04987
5.12661
4.89092
5.15636
5.05056
5.0452
4.9057
4.98698
4.85964
4.95921
5.05787
5.0888
5.07291
4.95663
4.90022
5.00936
5.10253
5.0984
4.858
4.9239
4.84237
4.97889
5.06837
4.98153
5.17517
4.82882
5.06019
5.11102
4.98055
5.01591
5.03155
5.15981
5.06348
4.98863
4.96482
5.14576
4.93625
5.05947
5.05152
5.08557
5.08019
4.86024
4.98061
5.00967
4.92412
4.92495
4.88666
5.03655
5.0891
5.00339
4.96605
5.04686
4.89446
5.07484
4.88104
5.07222
5.00918
4.99422
5.02506
4.96081
5.14726
5.17734
5.08215
5.00632
5.01071
5.16411
5.14648
5.04725
4.98286
5.09239
4.95116
5.10355
4.88945
4.95974
5.07328
4.9333
4.97348
5.03979
4.92116
4.94321
4.86088
4.8928
4.97534
4.87288
5.12324
4.9921
5.09006
5.11752
5.12324
4.9796
4.86136
5.09953
4.97438
5.09002
4.86767
4.89704
4.92421
4.90081
4.90411
5.06926
5.00947
5.06738
4.88842
4.89327
4.96981
5.0113
5.05359
5.05096
5.20354
4.98463
5.11796
4.94987
4.94566
5.00139
4.8982
4.92856
4.91747
5.1143
5.03272
5.03709
5.13472
4.98132
4.89918
5.00625
5.22095
4.83565
5.08554
4.90798
5.17056
4.96979
4.98137
5.14628
5.07102
4.9175
4.84149
5.0452
5.11865
5.04265
5.0207
5.05564
5.08044
5.1004
5.01955
4.98771
4.89752
5.05188
5.01996
5.00806
5.11075
5.01311
5.12762
5.02424
4.88282
5.15285
5.03853
4.98583
4.99651
4.95204
4.99553
4.76382
5.12972
4.95407
5.14069
4.8889
4.92257
4.8508
4.97992
5.04192
5.10228
4.93748
4.97323
4.85459
4.92234
5.08435
5.20707
5.09915
5.01356
5.05634
5.05733
5.07586
4.97292
4.88975
5.09205
5.01508
4.87893
5.10103
4.87316
5.13304
4.9008
4.92201
4.89599
5.01192
4.92366
5.07801
5.07874
4.98836
5.16425
4.98755
4.98748
4.77494
4.87422
4.92741
4.90328
4.95538
5.00463
4.94408
4.89986
4.8815
4.97213
5.07332
5.13732
4.96774
4.90467
4.96719
5.14341
5.16984
5.10263
4.93114
5.00641
5.06317
5.03174
5.01129
5.07206
4.90708
4.98035
5.04969
4.90213
4.98607
5.03826
5.05378
5.04814
5.132
5.00901
4.90817
5.09322
5.00462
5.01784
5.012
5.06179
4.98892
5.02678
4.90595
5.00431
4.99859
4.97456
5.00171
4.82778
5.17054
5.02391
5.01382
5.03436
5.06161
4.94755
5.01822
4.86465
4.85065
5.01157
5.00483
4.95869
4.80991
5.04642
4.96871
5.02352
4.9958
5.01306
5.02014
4.84866
4.89396
4.97398
5.05274
5.07063
5.00384
4.93507
4.96215
5.18545
5.0105
5.04009
5.00591
5.08028
5.08007
5.05161
4.95841
4.84151
5.05605
5.07614
4.91451
4.92839
4.98758
5.09249
4.99451
4.95996
4.9818
5.08868
5.04856
5.02885
4.96843
4.96347
5.0261
4.90987
5.08188
5.00388
5.07957
4.92097
5.04965
4.99833
4.9473
4.95751
5.03689
4.99407
4.94393
5.00274
4.98397
5.03192
5.01476
4.9072
4.93044
5.02355
4.92251
5.10845
5.06761
4.94471
5.1329
4.88984
5.07944
4.99596
5.01263
4.97794
5.00881
5.01009
5.04109
4.90986
5.02307
4.88489
4.94846
5.15967
4.8935
5.03824
4.88405
5.10382
5.05765
4.89152
4.94424
5.23361
4.96476
5.08944
4.86332
5.07259
5.01812
4.96278
4.87661
4.94985
5.00627
4.91264
5.03409
5.08508
4.8774
5.04937
5.03116
5.00149
5.05194
5.01057
5.00606
5.10396
4.9967
4.82021
5.0698
4.91837
5.02355
5.05112
5.11447
5.13321
5.03536
4.89708
5.07146
4.98064
4.90758
4.94552
5.09148
5.05262
4.95348
4.95796
5.01392
5.05031
4.94223
5.20289
4.86101
4.90451
4.96634
4.98939
4.9848
5.11748
4.87764
5.15116
4.94874
4.77425
4.98339
4.84651
5.13144
4.86569
4.87628
4.96815
5.07001
4.96621
4.99105
4.94554
5.01143
5.0069
5.11628
4.93538
5.04164
4.97637
5.11111
5.0017
4.98985
5.082
4.94809
4.98894
4.96629
4.8326
4.94415
4.92068
5.11255
5.0454
5.04372
5.05884
5.07093
4.77631
5.1459
5.03098
4.95225
5.12509
4.96793
5.06307
5.06686
4.92274
5.013
4.93334
4.9817
5.11948
4.98187
4.8443
4.92572
5.04315
5.04193
5.07393
4.87757
4.95405
5.01578
4.88423
4.99646
5.20629
4.95586
5.01547
5.07387
5.02114
5.04824
4.9072
4.76946
4.89716
5.15226
4.89395
5.02194
5.03992
5.12903
5.03554
4.89872
4.98751
4.98999
5.02796
5.04178
5.0605
5.24034
4.84505
5.05762
5.13867
5.03314
4.95938
5.04075
4.88692
5.07862
4.96785
4.81733
5.10344
4.97676
4.99531
4.92261
5.03833
5.11222
5.08325
5.17642
4.88803
5.09389
4.9823
4.96083
5.10624
5.09214
4.91777
5.10812
5.07591
5.11447
4.88585
4.98137
4.88783
5.04401
5.26077
5.00025
5.09584
4.85792
5.11275
5.10422
5.02783
5.06973
5.05917
5.19044
5.00217
4.96617
4.95121
4.93423
5.04409
4.94075
5.0146
5.02286
5.09168
5.078
5.00327
4.91441
4.92724
4.97225
4.92618
5.00938
4.93216
5.07817
5.04767
5.01702
4.81494
5.16924
4.90455
5.11132
5.17069
5.05387
5.03256
5.09928
5.0409
4.88923
5.03782
4.90875
4.98018
5.05987
4.9527
4.87146
5.00439
4.78584
4.95734
4.88641
5.08121
4.91612
4.91613
5.12656
4.93867
5.00306
5.09516
4.99712
4.93526
4.89314
5.05136
4.9255
5.02253
5.01475
5.11272
4.94655
5.01433
5.12104
5.07462
4.92201
4.87048
5.02754
4.9196
4.98478
5.08043
5.10509
5.06307
5.0363
4.9561
4.9844
5.15831
4.94405
4.89272
4.98778
4.89419
4.81326
5.20778
5.0198
4.95947
5.05172
5.00892
4.84728
5.0262
4.88457
4.81674
5.13028
4.90314
5.02186
4.87737
4.93964
4.98343
4.93427
4.97996
5.1009
5.07443
4.95703
4.96438
5.02337
5.0603
4.94318
5.00924
4.82731
5.02246
5.01864
5.07426
4.95576
4.96036
5.06397
5.044
5.08958
5.09237
5.05629
4.95817
4.98859
4.84593
4.94972
4.90277
4.8962
5.06156
4.78946
5.11302
5.00926
4.92064
4.98201
5.11065
4.95195
5.04015
5.17368
4.9439
5.01426
4.92671
5.04411
4.90932
4.91826
4.909
5.06727
4.99207
5.10055
4.85618
4.90013
5.02407
5.11342
5.04851
4.97311
5.1351
4.97378
4.89929
4.96148
5.02473
4.97273
4.8669
5.01122
4.96969
4.93856
4.97905
5.05268
4.96
4.92768
5.11308
4.98412
5.07034
4.97159
4.94833
5.00737
5.02572
4.95733
5.12626
4.89462
4.93518
4.96421
5.14648
4.96498
5.05454
4.96802
4.93167
5.00482
5.05453
5.06916
5.13581
4.99588
4.90944
4.86105
5.12221
5.25649
4.88259
4.95713
5.02532
5.09158
5.04796
4.74096
5.06413
4.96333
5.02614
5.01117
5.11632
4.87352
5.08061
5.0242
5.09989
4.98803
5.08582
5.05135
5.02507
4.94571
4.94279
5.03733
5.00824
4.91377
4.83954
5.09947
4.96659
4.90621
5.22256
5.15377
5.0588
5.08246
5.10695
4.97281
5.05711
5.08679
5.12231
4.90713
4.78204
5.01673
5.11422
4.94467
4.91585
5.21531
4.9536
4.83752
5.04092
4.98151
4.84946
4.93979
5.07055
4.88488
5.01763
4.83464
4.8612
4.98901
4.90796
5.08313
4.91504
5.00223
5.08993
4.82898
4.98822
4.91896
5.02749
5.02146
4.97763
5.00193
5.00224
5.05411
5.04182
5.0003
4.97095
5.16788
5.09724
5.13253
4.97892
4.97715
4.9556
5.01061
5.00155
5.06528
5.03276
5.17094
4.91847
5.01268
4.99997
4.94342
5.03223
4.93747
4.94288
4.84045
5.1137
5.02611
5.00612
5.09132
4.97001
4.99537
5.16129
5.04135
4.92582
5.11487
4.99759
4.87539
4.92592
4.89919
4.99719
4.99849
5.00438
4.99057
5.02577
5.00724
5.04265
4.88794
4.99849
5.00308
4.95869
4.79163
4.98313
5.00933
4.9791
5.24225
5.06637
4.97111
4.97149
4.94271
5.02435
4.99187
4.87815
4.99282
4.93006
5.04845
4.96557
4.96101
5.10753
5.04696
4.91718
4.95234
4.97907
4.98773
5.06306
4.99127
5.09842
5.02771
4.99557
4.94038
4.93031
4.94507
5.01595
5.07919
4.91611
5.00696
4.99019
5.04142
5.03755
5.10953
5.0852
4.8925
5.08621
5.00408
4.81579
5.07718
4.88533
4.96676
5.21702
4.89693
4.92334
5.05351
5.03377
4.90906
5.0154
5.08431
4.8176
5.02567
4.94039
4.9811
5.02081
4.98778
4.82138
4.94721
4.97668
4.99243
5.12235
5.05589
4.97937
4.94724
5.01033
5.00854
4.88242
5.03862
5.11404
4.88987
5.00337
4.95861
5.04961
5.0129
5.10512
4.98799
5.0405
4.98417
4.96783
5.08334
5.02761
4.93274
4.99344
4.95999
5.06785
4.69928
4.86066
4.99645
5.13814
4.91805
4.85108
4.91006
4.99922
4.87773
5.04906
4.9803
4.96582
4.99483
5.00803
5.04167
4.9055
5.20576
4.8781
4.8295
4.99144
4.95215
4.9165
4.93625
5.09402
5.05566
5.04412
5.05438
4.93147
5.14036
5.06371
4.87261
4.96297
5.00914
5.01815
5.10871
4.99166
5.0576
5.22671
5.06144
4.89889
5.02985
5.02307
5.03805
5.03572
4.86171
5.04493
5.04739
4.99927
5.03319
4.88349
4.91601
4.98116
4.99441
4.99524
5.09556
4.94878
5.00484
5.00804
5.00026
5.04713
5.10406
5.03543
5.04942
5.01633
5.01396
4.99584
4.97009
4.99511
5.02085
4.97223
4.83294
4.96398
5.08532
5.16646
4.93091
5.02682
5.22799
5.06144
4.95369
4.99601
5.1121
4.95214
4.92363
5.03222
4.85337
5.08515
5.09576
5.08795
4.93711
5.06582
4.84635
5.00161
4.9699
4.97581
5.09137
4.8657
4.85523
4.9661
4.91588
5.17546
4.99394
4.88852
5.16489
4.98569
4.854
5.0319
5.02487
4.88729
4.98385
5.1093
5.02954
5.00053
4.85999
4.81342
5.21314
4.9353
5.0054
5.12056
5.02627
5.13547
5.14941
5.18443
4.94326
5.08671
4.8956
5.06605
4.90811
5.1347
4.98431
5.0329
4.8688
5.05218
4.95973
4.98936
5.02494
5.00294
4.95225
4.99498
5.01874
5.01396
4.91064
5.10116
5.06496
5.09635
5.01182
4.91244
4.88469
4.99003
5.04282
5.08661
5.013
4.95563
4.9586
4.93601
4.89699
4.95335
5.12484
5.04094
4.90508
5.04453
5.01493
4.97948
5.16649
4.9782
4.99882
5.01892
5.28881
4.85993
4.80671
4.883
5.0153
5.02399
4.97643
5.06365
4.98795
4.85432
4.87848
5.11232
5.09368
4.78144
4.97108
4.78718
5.05709
4.95666
5.00513
4.94322
4.96521
5.05927
5.00075
4.89961
4.94228
5.06655
5.03861
5.11257
4.93273
5.0768
4.93389
5.00023
4.93157
5.14287
5.0036
5.19116
5.06304
4.83314
4.9583
4.85468
5.18384
4.98578
4.98822
4.81541
5.00199
5.10574
5.06365
4.98071
5.02594
4.84015
5.09483
4.87926
5.00159
4.87473
4.77878
4.94275
5.14656
4.97672
4.99072
4.97596
5.16239
5.00347
5.08192
4.99117
5.08477
4.96033
5.02299
5.0948
5.06095
4.97437
5.06392
4.84032
4.98627
5.0386
5.02665
5.00333
4.87525
4.98964
4.95823
5.1496
4.90366
4.98846
4.83773
4.86114
4.93859
5.13463
4.97316
4.98529
4.94838
5.08762
4.95938
4.83711
4.90066
4.93247
4.96764
5.13095
5.12092
4.78763
5.09029
4.89041
4.90375
5.03483
5.00901
4.93232
5.00337
5.21047
5.13752
4.91945
5.09528
4.95134
4.93956
4.9983
4.98458
5.15088
5.18077
5.06727
5.09488
4.99932
4.82028
4.961
5.02699
5.05631
5.00085
4.93827
4.9882
4.90401
4.88512
4.92219
5.1928
4.83128
4.97589
5.14533
5.04582
5.107
4.99657
5.1453
5.07506
4.91249
5.0863
4.94047
4.86844
4.90953
5.00031
4.8369
5.1158
4.88241
4.96972
5.02592
5.08655
5.06431
5.07689
4.98587
4.85542
4.90663
5.0974
5.10693
5.09341
4.97306
5.03361
4.94995
5.25794
5.03919
5.02179
4.93609
5.0717
5.11896
4.93007
5.13851
4.91674
4.97484
4.95168
5.03673
5.11375
4.98301
4.99576
5.0029
4.99743
4.98123
5.03947
4.95647
4.90148
5.0683
5.04242
4.84467
4.80375
5.06224
5.02644
5.14465
4.97723
5.06326
4.98067
4.93246
5.07028
4.99884
5.12657
5.01013
5.01367
4.90737
5.04097
4.97486
5.00367
5.05733
4.86611
4.97106
4.91886
4.84931
5.01469
4.9744
4.99199
4.98922
4.90405
5.11948
4.92075
4.9523
4.96602
4.99126
5.05861
5.02644
5.00263
5.0546
4.88113
5.00234
4.9414
4.91168
4.91557
4.84571
4.89457
5.18476
4.94228
4.92336
5.09085
5.07171
5.1166
4.96507
5.00744
5.02439
5.13554
4.89116
4.94164
4.87508
4.97307
4.98271
4.93564
5.08607
5.09379
4.86214
4.97467
4.84918
4.93934
5.06281
4.90002
5.13838
4.96021
4.94538
5.05998
5.00125
4.88103
5.06254
5.14871
4.97626
4.96727
5.08037
5.08964
5.0425
5.00049
5.03082
5.02412
5.01161
4.96133
5.11263
4.99455
4.85212
5.09646
5.01892
4.94208
5.07384
4.98788
5.02661
4.99157
5.12348
4.99788
4.95591
4.90854
5.08053
5.01688
5.10804
4.89434
5.04959
4.97019
5.02725
5.03885
4.91377
5.06285
4.97287
5.04114
5.04931
5.03767
4.93411
5.01964
4.97867
5.01327
5.04123
4.98908
4.98322
4.98284
4.90088
5.01069
4.95556
5.03133
5.01871
5.03675
5.05169
4.93893
5.16494
4.93631
5.06246
5.00458
5.02099
5.17654
5.03731
5.0715
4.98202
4.96633
4.9519
5.11212
4.99383
5.01485
4.93077
4.89737
4.98794
5.02737
5.13217
4.87657
4.93089
4.9842
4.99143
4.94723
5.02329
4.90913
5.10105
5.06326
4.98778
5.06498
4.95311
4.90944
5.05671
5.03403
4.80912
5.18748
5.03896
4.8652
5.02469
5.29844
4.97759
5.04462
4.87132
4.99473
5.03539
5.12001
5.12796
5.1292
4.89234
4.92042
4.85691
5.00353
5.02969
4.9885
4.94255
5.10933
5.09227
5.02992
4.93746
4.93712
5.16524
5.0042
5.05193
5.10442
5.03662
5.18705
5.09967
5.09506
4.90671
4.88789
5.03482
4.95709
5.0828
4.97351
5.11687
5.00093
4.94643
4.96932
4.8153
5.03083
5.06757
4.82042
4.90702
5.19268
4.90747
4.95265
5.08743
5.08499
4.97487
5.15751
4.90507
4.90734
5.0813
5.04137
5.12442
5.0636
4.96512
4.9605
4.89655
4.95905
4.84707
4.99939
5.0621
5.19406
5.06886
4.98455
4.91377
5.04546
4.97703
4.84279
5.00434
4.77874
5.01236
4.97362
4.94184
5.08488
4.8554
4.90695
5.02245
4.98329
4.94689
5.19122
4.87981
5.02122
4.86081
4.99263
5.23554
4.99144
5.06494
4.94493
4.92965
5.18134
5.09779
4.93994
4.98354
4.96501
5.00675
5.07851
4.87213
5.00186
5.03684
4.95379
5.00249
5.11046
4.99944
5.06502
5.06831
4.97528
5.10067
5.07665
5.10261
4.83973
4.79041
5.20871
4.90319
5.10308
5.18972
4.89794
5.10346
4.98883
4.98234
4.94941
4.88462
5.06612
5.00207
4.91934
5.0284
4.86515
5.10485
4.95956
4.99963
4.93853
4.96217
5.01418
4.86049
4.92966
4.87133
5.00002
4.94301
5.13981
4.98527
4.93477
