5.04741
5.72119
4.81313
5.30997
4.05508
3.72126
4.08984
5.14146
5.49431
4.99678
4.08131
5.85871
4.12259
6.21048
5.07379
6.85651
5.31059
6.51305
4.38086
3.88974
5.22193
2.94028
4.36711
4.58013
6.22679
3.83309
3.69914
4.86516
3.79323
6.75579
4.78128
6.53239
6.57641
4.19573
5.41325
4.94862
6.23726
5.7333
5.82497
4.9324
6.76027
5.34331
5.94084
4.88006
6.14025
7.06807
4.63384
3.37063
3.00534
5.17336
5.77434
4.43924
4.77225
4.72599
4.81916
3.05882
6.2474
6.20181
4.73981
3.93856
6.11457
3.55376
4.70171
5.01859
3.18587
5.98756
5.19119
3.13886
5.96652
3.57002
3.83875
7.41086
5.36716
5.43677
5.89173
5.46358
5.13397
4.68776
7.30683
6.12015
6.04139
4.9442
5.65354
4.45781
5.83811
5.6571
5.54603
6.60172
3.78725
5.75941
4.30469
4.01425
5.70265
3.19894
5.84414
6.06909
5.94013
4.61509
4.61893
3.94045
4.64791
5.18331
5.74369
4.03608
6.33246
5.26133
6.42684
3.29487
6.91943
5.10614
4.59626
5.40077
4.81319
4.79459
5.54546
5.26808
4.04065
5.2054
2.6524
5.2052
3.50617
6.14691
4.27974
6.28197
6.02123
4.40628
4.57912
4.46419
3.89701
6.23097
3.62147
4.94791
5.31429
5.43783
5.93098
5.26939
5.6172
6.05912
4.59419
4.72492
3.76506
5.27897
4.02126
5.17908
3.33573
4.52029
4.00545
5.02802
5.0271
5.48354
5.71029
5.87632
4.16409
6.4872
5.78483
6.58456
5.16144
5.04813
5.84701
7.9862
5.95319
5.54872
5.66575
5.04338
4.21041
6.0983
5.24561
3.06929
4.60028
5.3413
5.33301
4.17182
3.90719
6.52019
4.6768
4.90294
6.32588
4.14895
6.46272
4.25861
5.75176
4.88446
5.50943
4.92256
5.04057
3.39025
3.90969
4.99918
5.70183
5.29114
5.35373
4.74574
4.22382
5.77436
4.96994
4.40343
5.62298
4.77318
6.80995
4.81602
5.53007
5.25464
4.95522
5.40932
3.27104
4.99301
3.73393
5.35119
3.97074
4.78279
6.11061
5.4503
5.68468
5.99109
4.74492
4.98523
6.03878
5.81119
6.31732
4.69576
5.44463
4.41998
6.18923
4.22416
4.30897
5.00411
6.90308
5.0921
4.59021
5.02298
4.98542
6.54845
3.92353
3.52054
4.50389
5.37529
6.13243
6.09582
5.61539
5.50564
3.12445
5.87778
4.34679
5.17622
4.68
4.53256
5.08329
4.83979
5.49284
4.53664
4.59006
5.18369
5.69239
5.59949
5.66938
5.07625
5.79573
5.38263
6.24461
3.12405
5.12734
3.85761
6.3946
4.54147
6.09706
4.87725
3.36007
4.68283
5.40615
5.31517
4.78604
6.21362
4.76341
4.28795
3.21314
4.76599
4.96916
4.42996
6.19104
4.59879
5.25852
6.74443
3.35118
4.12768
3.59668
4.02558
5.84038
5.18101
5.89299
4.44569
5.54999
5.02751
4.89846
5.12761
5.06455
4.75228
5.40927
6.00544
5.12667
5.31691
4.34458
3.56443
5.6846
6.28148
7.04698
5.28902
6.18524
5.29578
4.89527
4.89042
6.43833
5.89914
4.14901
5.39537
5.26691
5.45864
5.09304
5.11641
4.88553
4.63346
6.49272
4.71131
4.73823
4.56857
4.26936
4.50452
5.68175
3.99118
4.37968
4.45029
5.51213
6.00901
5.25807
4.63772
5.60954
4.1461
3.66424
5.56785
4.22064
5.82355
3.54425
4.24146
3.87986
5.36143
6.01178
5.32924
4.81125
4.422
4.11566
6.01768
5.16203
5.48845
4.06428
4.91956
5.16219
4.30012
2.96052
4.11758
4.66337
6.21435
4.53307
4.76288
5.53682
2.73719
5.77483
6.32787
6.28467
5.69528
5.04491
5.71569
5.04393
5.19418
6.41549
5.84785
5.52815
4.15304
4.81223
5.51861
5.41992
5.40524
5.85606
6.82255
4.96678
5.3637
4.13848
3.71056
4.87155
4.89223
4.10255
5.48763
5.68053
4.92903
3.29538
4.9332
5.41805
5.81238
6.21498
3.71721
4.92901
5.91759
6.52159
5.08287
6.22611
5.79999
4.14033
4.53569
5.8067
5.55201
5.17017
6.16314
4.00289
4.76087
4.38553
4.65962
5.6207
4.2365
3.77087
5.71182
4.37211
5.81778
6.69973
5.45209
4.00737
4.64704
5.22325
6.37428
5.81827
4.91721
4.53587
5.16168
3.79427
6.72524
3.1815
4.91495
5.33095
3.81636
4.59484
4.71092
4.51108
4.70055
5.13136
5.89719
5.12059
5.80429
4.1249
4.33117
5.13321
4.9614
5.77381
6.2752
5.14693
4.00326
4.24374
4.32679
5.18582
4.9622
4.83801
4.37044
3.54448
4.97774
4.87296
5.00021
5.31261
4.47177
4.70548
5.07975
5.78557
3.26447
4.42168
6.21803
6.16901
5.91419
5.71809
4.54721
4.35385
4.32199
7.49514
6.22163
4.94556
4.94006
4.33325
6.0444
5.71871
4.37987
6.37135
6.70097
5.30191
3.8761
4.915
5.6135
6.30786
5.20534
3.64928
6.19752
3.51392
5.48118
5.71012
5.58963
5.62375
5.35883
5.28327
4.31457
6.49012
5.74176
3.69308
5.56582
4.86852
5.87314
5.68334
5.93986
5.57089
4.68136
5.20703
5.25608
3.30201
4.66002
3.90614
4.94401
4.97885
5.34296
6.01359
3.41424
3.79867
5.16706
5.64823
6.48179
4.23596
5.39621
5.60569
4.82628
5.00694
4.47453
3.61655
3.69333
3.755
4.12975
4.27827
4.71818
4.15124
5.68384
6.30434
4.5679
4.8181
5.3992
5.24207
6.07592
4.42521
8.17954
6.7371
4.95156
5.38877
4.18432
3.50417
6.68246
3.12994
4.90677
6.13789
4.74517
6.65203
4.4811
5.23396
4.93484
4.55559
3.97102
4.17783
5.65679
5.95266
4.75016
5.05322
6.57605
4.00433
5.40779
4.70809
4.06331
4.96428
6.77304
4.50786
4.99277
5.10231
4.2392
7.40061
4.63676
3.75651
4.71695
4.87363
5.32251
5.594
5.56791
4.96561
5.8829
4.84516
3.93489
4.64622
5.93418
4.04101
6.88351
4.52994
5.19092
4.61768
5.38788
5.05181
4.16823
5.35384
6.05139
5.12468
3.88647
5.73003
5.20441
5.64261
7.30864
6.56869
4.36778
4.29427
5.10714
3.72208
5.76724
5.04984
5.48944
3.98372
4.38459
6.91711
5.95605
4.17416
4.44253
6.6871
3.42764
5.8681
5.5632
5.41712
4.4367
6.28949
5.78409
7.23797
6.03702
4.39281
5.81714
5.2802
6.2536
6.33211
4.46069
5.8716
4.41785
4.58327
5.05837
3.76565
5.19367
4.34262
3.80995
5.24112
4.15472
3.21766
3.81058
5.27066
5.78172
5.34233
4.97732
2.32499
5.84147
5.2236
5.37614
5.89333
4.27335
5.60058
4.64274
5.00146
5.20357
4.93895
4.82964
5.41213
3.62643
5.0236
4.61502
5.70329
3.56507
6.32253
3.24858
5.60315
3.6277
5.32952
5.50571
4.85367
6.74564
5.51179
4.88591
5.95453
4.82388
5.95239
6.01916
5.51107
4.26777
6.23444
4.25239
5.03252
6.0161
3.81349
4.47143
4.75818
4.51987
3.76266
4.35324
5.09711
3.60091
6.24536
5.83673
5.48139
5.79712
6.26782
3.18314
5.03759
3.50777
4.84829
5.54094
3.43155
3.69074
5.77746
5.49632
5.21346
3.73839
5.71977
5.5086
5.44503
3.92562
6.00045
5.38335
6.02657
5.7284
4.2786
5.7521
5.81834
5.15258
4.46844
5.74046
5.46561
4.3088
3.82942
4.92292
4.89369
7.49416
5.65332
4.72056
3.3504
4.1851
4.27711
6.14237
3.24606
5.37575
5.43524
5.56823
5.52973
3.97988
5.55812
5.2632
5.04838
6.11226
6.23714
4.84282
4.01728
5.81866
4.53464
5.60681
4.24658
3.25534
3.84923
5.26622
4.52423
5.14723
4.85204
4.58312
4.81654
4.46347
5.67428
5.14142
3.76334
5.38641
5.30227
4.3385
5.89186
3.19767
4.02142
3.71125
3.7864
4.67589
6.08615
6.27599
4.92463
3.92844
5.33793
4.29418
5.88097
5.18064
4.27598
4.92969
3.70972
4.69628
4.13884
5.15201
3.95213
4.13382
3.69202
5.1318
4.65677
4.89333
6.76972
4.74192
4.92417
5.45003
4.42233
5.59315
4.32285
4.44522
5.05178
5.01071
5.6923
6.07554
5.28484
3.71145
3.86115
3.91703
2.98993
4.88569
5.3251
6.96334
7.47711
4.61922
5.84067
6.07959
4.28228
4.2906
4.4827
4.49828
3.39656
3.51495
4.52599
4.9137
5.81573
5.84805
5.2911
4.7329
5.3527
3.11642
6.38342
6.16306
6.4321
4.772
5.58939
4.12214
5.89632
5.28198
5.96385
5.36904
5.17041
6.55426
6.33948
5.254
5.13712
5.14964
5.9704
5.22197
5.78299
4.22943
5.09688
5.14837
5.27721
4.58172
3.79754
5.58938
6.031
3.94748
5.06638
3.7046
5.20244
4.90637
3.93952
5.06901
6.10243
4.25688
6.02031
4.22779
4.53312
4.89317
4.71794
5.98663
5.67368
6.36636
5.03754
4.65654
4.87322
5.10531
4.31124
5.3464
5.21554
5.94177
3.96843
5.00919
3.69692
4.15751
3.7069
5.51509
4.8173
4.99579
4.07385
6.55232
4.86003
6.69164
4.72322
3.37014
6.78133
3.9278
4.79176
3.17734
5.55313
6.08733
5.80018
5.07562
5.84316
5.59361
4.02953
5.69916
5.17421
5.8942
4.46778
3.18457
6.11776
7.02057
4.07724
6.15088
4.55158
4.34804
5.60234
3.65822
3.89931
3.22823
5.20095
6.50025
5.43898
5.8704
4.20591
3.70227
3.70347
2.18805
7.08284
6.03546
5.76687
2.59045
5.65052
4.49533
5.57741
4.70513
2.52815
4.48766
5.35124
5.70294
4.15001
5.15129
5.74851
4.28229
3.90211
5.93028
4.63773
2.96484
5.63457
4.77878
5.10003
2.17064
3.25067
6.81415
3.50227
4.10378
5.33034
6.85524
7.32388
4.60906
3.86322
5.63175
5.73871
5.75454
4.38537
4.11876
6.07998
4.36183
4.65938
6.64159
4.56243
4.36411
6.26837
6.33832
5.22637
4.74335
5.53664
4.31321
5.59829
3.94132
3.59129
4.87439
5.18037
5.84158
5.43557
5.43752
5.11067
3.85187
5.09944
5.01259
5.99327
4.81068
5.1281
4.23336
5.25806
4.84183
5.29777
5.10883
4.80921
5.55933
4.91305
6.56934
3.89448
4.89532
4.56232
4.96131
4.82738
2.80299
3.9064
4.79562
5.20948
4.8761
5.07193
5.7428
4.23887
7.0833
4.53789
4.72447
5.91786
6.58121
4.57273
6.51111
3.99933
3.06165
3.06022
5.02674
4.14098
4.54318
4.70408
5.9208
5.73052
5.08771
5.11151
3.49118
5.13989
3.70355
6.06806
3.83458
6.32774
5.05181
5.42998
4.65695
3.86729
7.47736
5.87782
4.27572
4.54481
4.63409
5.38291
5.37417
6.35822
6.0931
5.18796
4.93384
6.63248
6.18945
4.87419
4.47262
4.0015
6.44514
3.8093
4.38413
5.24041
3.32763
4.69772
4.89017
6.04743
5.23221
4.62804
3.33006
3.49298
3.55611
4.86026
4.86108
3.89101
5.45816
4.66431
6.28119
3.92748
5.24046
5.78025
4.28842
5.49635
5.75307
4.39868
4.56017
5.47331
4.4899
5.19318
4.97212
3.53706
5.91283
6.1498
4.6438
4.61822
4.92172
5.54645
4.92793
5.13084
3.03519
6.87175
5.53262
6.36614
5.91669
3.73581
5.11488
3.90514
3.71278
5.22173
6.19263
4.37001
5.97908
3.94654
5.17386
5.98878
4.06191
4.62672
4.13686
4.44863
4.69236
6.77977
4.66209
7.1807
4.42441
5.16963
3.21021
5.47488
5.24576
4.05381
4.79462
4.40644
5.52794
5.38853
6.52093
4.11615
3.38001
6.23077
5.7344
4.34033
5.80043
4.8554
4.97886
2.99967
6.33853
4.747
4.84353
4.96188
3.5582
5.19206
5.04001
2.91043
4.72116
4.73194
4.9464
4.75599
4.31927
5.54328
4.18758
3.20866
5.89613
6.53199
5.69199
5.10911
7.11775
3.65241
5.5657
4.38403
4.45208
5.4644
3.20961
6.70274
4.32695
5.02765
5.09986
4.7023
4.35266
4.48742
3.78621
3.97331
5.31229
4.27212
4.11891
4.60095
5.5164
4.40071
5.28129
6.46035
4.3387
5.07242
5.74581
3.86341
4.08164
4.57729
5.466
4.3633
5.69983
6.19806
4.4693
5.25347
4.49629
5.18372
5.46712
5.0299
5.37587
3.63302
3.83415
4.45712
5.52888
4.38385
5.0904
6.08307
5.02609
1.73764
4.77571
5.39333
5.36013
4.8428
5.89677
6.83032
5.66976
4.51468
4.05377
4.54448
6.41558
5.86656
4.01941
3.73321
2.92328
4.41342
4.5005
5.4582
6.00196
4.22754
6.45978
5.17056
5.57563
5.22971
5.62992
5.24771
5.42651
6.50935
6.28506
3.38439
4.23349
6.1275
4.42228
5.67685
5.03828
5.91909
4.78884
3.18199
4.35268
5.52622
3.1099
6.17063
5.48202
5.93679
5.42755
5.99551
3.82149
5.37822
4.57457
4.32675
5.32712
5.96933
3.961
3.48521
5.13704
6.02694
5.1458
2.994
4.16325
3.20524
5.87618
5.2707
5.55711
3.95134
4.13675
5.50361
3.32348
4.56895
5.08874
4.65082
4.85465
5.16899
3.78231
4.77176
4.4839
4.47654
5.24935
7.25359
6.46369
5.5062
6.28639
6.16739
4.63499
4.95915
5.64089
4.31752
4.89083
3.05823
5.16835
6.74112
3.92454
2.7324
6.71473
5.26513
3.41188
5.85106
5.75999
4.36656
4.91072
6.10009
4.49344
4.49236
5.85575
5.07463
5.53785
4.79775
4.48531
3.70593
4.98059
4.51166
5.40103
5.61712
5.5804
5.41018
6.75748
5.13706
4.06715
4.88823
5.23709
4.45516
4.76656
3.69081
6.48168
6.18898
4.69875
3.78953
5.36464
4.35393
4.73739
5.38157
4.9648
3.53508
4.37909
4.7497
4.05684
4.71363
5.47853
4.94879
4.20398
6.0928
6.49163
4.20532
6.50803
5.61336
6.3107
5.92699
5.15619
4.41518
5.83506
5.68863
5.06322
6.41005
5.49296
4.88066
5.57508
5.26453
3.98026
5.09303
4.51359
5.21259
3.19703
5.46736
4.02167
6.77254
4.68784
4.18287
5.92392
4.38862
3.86678
5.49004
4.48301
4.98913
5.3413
3.83495
5.66492
4.16763
5.62745
4.90359
5.11657
5.31233
6.01667
3.93872
5.67326
3.56789
5.19496
5.36997
4.69589
5.23044
4.34656
6.23431
4.29501
5.25706
3.53749
5.68111
4.38178
5.29619
4.29027
5.55242
4.52532
4.9913
3.68332
5.03099
4.56574
4.66081
6.66053
5.05955
4.85147
5.09598
5.63352
5.31887
5.18024
5.10209
4.85825
4.21916
4.31658
4.81785
6.103
4.87099
5.7071
5.65743
5.57399
4.68529
5.23639
3.96496
4.68342
3.45768
4.39461
6.22638
4.35101
6.00579
5.11979
6.29415
5.79365
6.25625
5.1571
3.73711
5.44728
4.30551
5.24895
5.13662
5.82077
4.22785
4.15044
6.21638
5.329
4.97502
4.42049
5.93004
4.93687
3.29491
6.02464
6.4657
5.75789
4.98109
3.06486
5.17254
6.3851
5.4279
4.31849
4.87246
4.03354
3.49807
5.14749
5.27983
4.26912
6.85235
5.27442
4.08696
7.43363
4.2357
5.01245
6.00196
5.14632
5.04243
6.91961
4.63729
4.85997
5.55119
4.07157
4.9317
6.58167
4.62097
6.06678
5.14285
6.11399
5.30013
3.2542
6.67402
6.01179
5.15222
4.26473
5.60559
4.3975
4.21155
4.44234
4.1578
5.1914
5.95995
4.09317
5.36422
6.14043
4.14036
4.6767
6.7672
4.54692
4.23234
4.63786
4.0156
6.61809
5.75584
5.57986
5.2969
5.36128
5.58665
3.62701
2.83944
6.3921
5.23272
5.14853
4.28493
2.93157
5.48812
5.99662
4.97945
5.10668
3.10458
5.14974
5.27253
4.099
7.16261
6.78122
5.47467
4.04578
4.68224
6.25194
4.0362
7.11543
4.71186
4.16028
4.80351
5.10335
6.53806
3.26585
5.02906
5.07655
5.49826
4.31833
4.59696
4.15071
6.56387
5.76907
5.38903
5.43122
3.71123
4.33284
3.54458
4.8829
3.408
4.80447
6.06392
5.64755
5.64081
4.82138
4.83435
4.48071
3.62455
4.09077
4.75285
4.40677
4.82478
5.83841
5.62699
4.77519
3.96909
7.14315
6.16617
5.41078
4.31792
5.42632
4.84086
7.37739
4.78778
4.44118
6.25317
6.35344
5.68694
3.62045
5.49029
4.93088
4.09235
5.2625
4.48611
4.99513
4.65258
4.02651
4.30248
5.91326
4.2677
3.72755
5.77793
4.48942
5.99111
4.75604
3.95038
6.06099
5.08011
4.90249
5.31482
5.24377
5.23036
5.78604
3.41611
4.04784
4.21671
5.06179
5.75247
6.08337
3.90346
4.9224
5.08578
7.1978
5.28222
5.64335
4.54173
3.42925
5.41915
5.81863
3.88813
4.49079
5.03863
5.55975
4.75366
2.82815
6.07452
4.81288
4.23987
5.40948
5.89909
6.21921
4.86311
3.87168
3.81226
4.25023
8.2549
5.40108
5.19238
6.13373
4.53588
5.66562
4.23834
6.07627
5.37282
6.32483
4.39248
4.50267
6.34198
3.51716
5.60734
5.54016
4.59823
5.74024
5.1408
4.72315
6.67238
4.60409
4.86266
5.19532
6.09244
4.61031
6.17239
5.96863
6.17713
4.84563
4.55549
5.002
4.45155
5.80355
4.51884
5.48603
5.1489
5.49703
6.52507
6.87897
4.29053
3.92328
4.78279
3.81489
5.25053
5.0737
6.11493
3.03615
6.08026
6.11214
4.05544
6.03839
5.84222
4.4054
6.43711
4.1517
3.84839
3.96134
4.4069
4.62029
5.35742
4.41236
5.18703
3.24256
5.07505
3.74815
5.64096
6.0741
5.84722
6.78191
4.62687
3.85879
3.81478
5.72055
5.14387
4.30637
4.99518
4.27139
6.0994
5.35138
5.1959
4.67605
5.10108
3.33539
3.86435
6.09644
4.66256
5.30557
4.86346
3.62236
5.34029
6.9719
6.10394
3.76811
4.59548
2.95981
5.03211
4.57145
5.39429
4.84552
6.3309
3.54119
5.7902
5.14974
4.16555
5.31232
4.40299
3.87827
3.65907
5.57138
5.36249
4.66152
6.12627
6.17656
3.24567
4.65639
4.67431
5.09809
5.49825
4.70361
4.39555
4.89518
4.93929
5.46262
5.10469
5.59081
4.51274
4.97482
6.03254
5.2935
6.60796
4.06327
5.89828
3.02271
4.536
5.41839
4.12428
4.93939
5.57043
4.90145
5.12401
4.94475
6.05912
5.31489
6.89522
2.74294
6.00841
4.24791
4.82639
5.99754
5.63712
5.04522
5.55524
5.3536
5.37629
4.82408
3.78522
5.38157
6.30812
4.84872
5.26643
6.0227
5.23287
4.89318
4.24387
5.15254
4.59259
4.82196
6.39087
5.82978
4.64122
4.55967
5.48682
4.25098
4.15972
4.22252
5.10356
4.6985
6.75818
5.76556
5.28887
4.40076
4.82618
3.47179
6.79389
4.83747
5.31775
4.93935
4.95213
5.39905
4.69578
3.47614
5.38776
4.7293
4.97316
6.44031
4.53164
5.80845
4.45555
5.5156
6.44584
5.20148
6.71746
4.84533
3.86455
5.32476
3.30187
4.22411
3.46275
3.80255
4.63778
4.47434
5.33061
5.39313
5.21944
4.1285
4.46134
6.28197
5.23297
4.35901
6.03563
4.49976
4.62904
5.88469
4.80841
6.49253
5.28082
3.0845
4.3377
4.97342
6.57422
3.36072
5.49159
3.66659
4.696
4.19806
4.65412
4.04178
5.60666
5.62453
5.93584
4.94371
5.53426
5.05512
4.34834
5.69783
3.66477
3.67792
3.86301
4.25788
4.92809
4.10342
4.69329
4.92979
4.78624
5.77973
5.37237
5.30282
4.76884
4.30048
3.72618
4.27378
4.72408
4.71683
4.36029
4.74783
6.3625
4.30669
4.20051
5.49466
6.18542
5.25707
5.19572
5.39431
6.37249
3.95318
4.71749
6.36176
5.36932
3.53972
4.05428
5.53722
5.18485
4.33198
5.04956
5.61833
4.96789
5.7266
4.71106
4.45643
5.29342
5.19475
5.4283
5.24995
4.17929
4.78067
4.54711
4.97074
3.65126
3.07287
5.22352
4.27724
5.12567
5.68356
4.17926
4.85217
4.41805
3.24525
5.44285
3.75409
5.18916
4.47067
6.13688
4.78433
5.0109
5.42553
5.33812
5.37158
5.98227
3.37577
5.29795
5.20142
5.52376
5.08169
4.76262
4.4096
4.36258
4.7362
4.55145
6.13573
4.63237
4.60435
5.85093
3.52215
3.65092
5.55648
6.57912
5.42072
5.7084
3.69985
5.41905
3.40572
4.25376
5.20668
5.05357
5.28539
6.63343
3.26902
4.95295
4.02243
5.29805
5.97881
3.35313
4.58393
5.31894
6.83008
3.89545
6.03061
5.26675
5.69785
4.39544
4.70289
4.00959
5.13821
4.53018
4.4005
4.56613
5.29482
5.07885
3.53351
4.7502
3.07743
4.50333
5.9032
6.22393
4.69838
4.43476
5.08365
4.73013
5.25501
6.37943
4.23332
4.92283
5.8166
5.83246
4.6111
3.41361
4.61039
5.39108
4.53828
3.99085
4.39512
5.90898
4.18599
5.34592
3.26437
5.32589
4.60385
4.05102
5.08346
5.59408
4.35185
3.32595
6.18131
4.54039
5.28796
4.76042
4.74456
5.25519
4.82163
5.79963
4.9525
4.56183
5.48668
4.92845
4.01067
4.07284
4.77805
4.01914
6.61269
5.37235
5.98721
4.18292
5.55616
4.37824
4.39271
5.98402
5.14057
6.58067
5.99217
7.06625
5.40442
5.68381
4.16109
5.34817
5.54032
6.24883
4.89733
4.67862
6.63983
5.1652
3.06069
4.19964
2.93343
6.50086
3.87295
4.85718
5.34734
3.4344
4.02291
5.59876
4.80011
3.8169
4.77779
4.58919
5.31383
4.4618
4.74802
5.05739
5.8083
5.5226
7.06769
5.58606
5.27788
5.57877
3.86235
4.62506
5.75003
4.0936
5.54137
6.24286
6.18721
5.74843
6.21673
4.80651
4.91877
4.92378
4.81124
4.85416
4.15716
4.4136
3.45823
5.41164
4.56929
6.12342
5.51205
5.15236
3.63915
4.77107
5.36896
5.96038
5.43608
5.02472
5.41744
5.63503
4.78827
4.60918
4.55705
4.76901
5.3311
6.60011
5.19349
5.50949
6.13153
5.0638
5.22753
5.31243
6.66416
5.77273
5.20279
4.33096
5.72589
5.50919
3.93223
4.38581
4.58526
5.51313
6.00762
4.81253
5.39707
4.75341
4.14465
6.6307
5.40492
5.18263
5.34872
4.81926
5.87215
5.28583
5.36961
5.58579
5.28869
5.76511
5.65867
6.05289
5.21279
5.83397
4.35347
4.12635
4.27949
6.60765
4.59935
4.11796
4.04884
4.99182
4.42776
4.05246
4.91239
5.86748
5.77437
4.866
3.39328
5.17924
4.09447
5.25915
3.14037
4.4778
6.15296
5.75877
5.25196
4.23174
3.95254
3.8199
6.05805
5.46387
5.61662
5.47435
5.30833
4.72445
6.2392
4.5422
6.86011
5.54406
4.44736
4.87938
6.33753
3.45271
5.41248
3.7956
4.36816
5.06333
4.63304
3.91915
3.47595
4.95679
4.82827
5.32567
7.16032
5.44292
5.16394
4.09301
4.20274
4.09193
5.43077
4.61782
4.5384
5.42786
4.67183
6.46374
5.00935
5.48255
4.7376
3.98389
4.72965
2.62788
4.54647
4.87163
6.55773
4.07187
5.41988
5.02765
5.42952
5.47557
3.55466
5.05706
5.63382
5.77311
6.05274
6.31962
5.57354
4.49213
3.36482
4.33774
6.33017
5.07399
5.97729
6.26956
4.84723
6.43318
4.93876
4.79262
5.71514
5.45853
4.6377
4.43439
6.31163
4.07405
6.15016
4.10644
6.21874
3.7142
5.75204
3.51305
3.4297
5.44504
3.74387
4.62725
3.80898
4.12787
4.49531
4.25305
5.3368
5.8928
6.25471
5.85387
6.83637
5.19888
6.166
5.01576
4.57993
3.68056
5.65628
3.58145
5.9755
4.06792
5.11929
4.4083
4.48011
4.15839
3.85782
5.90269
6.57318
4.47037
5.21903
3.8643
6.28155
4.8129
5.56006
4.84478
3.6012
5.91564
5.2491
4.6848
5.08658
6.72768
3.7069
4.03539
6.6697
4.51153
5.72291
4.34817
3.91986
5.71836
4.86261
3.56329
5.4033
5.08862
3.34045
5.8117
4.28286
6.3538
6.15155
4.53336
6.15326
4.90267
4.88969
4.31974
5.12022
5.73887
5.17461
4.30632
4.73223
4.26522
4.97372
4.75705
4.66086
4.35699
5.51819
4.23082
4.76656
4.80211
6.8095
4.71414
4.94605
6.4231
3.3754
7.14343
4.26104
5.56191
5.84764
5.26923
4.03279
6.99884
3.79633
5.23891
5.38776
5.10487
5.49473
5.46054
5.05395
4.56889
5.39774
5.57441
4.84214
5.66714
3.88602
7.44716
5.12592
3.04962
4.6483
6.49363
5.65686
4.31158
4.1322
3.79673
5.07589
7.65322
3.94025
5.71403
5.97916
4.9865
3.19284
5.30785
5.13118
3.64878
4.37946
5.01641
4.17329
5.62573
4.26802
5.23542
4.30958
3.42707
5.20964
5.83954
4.03126
4.88527
6.79552
5.48707
3.84745
5.89537
4.17616
5.58386
4.91
5.41307
4.80859
4.70155
5.75081
4.89848
5.9392
3.87545
4.7535
5.39382
4.71176
5.50133
5.36515
5.96729
3.32984
5.69794
5.43022
4.97105
4.35814
5.87288
4.54545
3.47823
3.95875
3.59584
5.41588
5.14768
4.33159
7.65522
5.13493
5.33386
5.2563
5.62033
4.09166
5.42292
4.49027
5.47905
4.64977
5.72143
3.89228
4.00799
5.3847
4.6289
4.22084
4.98127
5.53006
5.27849
6.01992
5.23551
7.81156
4.41295
6.21063
5.33981
5.13199
5.4927
5.72463
4.05462
4.40134
4.01498
4.23344
5.25627
5.36093
4.74791
5.24985
4.42211
5.33805
4.54245
3.74458
4.88404
3.12614
3.17315
4.75237
3.74738
4.0993
4.35988
6.50047
4.83832
4.41892
4.9694
4.52483
6.07278
5.87631
3.8078
6.18095
4.63301
5.25429
4.31604
3.50958
4.07876
5.05331
6.50109
4.65612
4.09319
4.63757
5.65599
5.39508
3.28235
5.50213
4.03515
4.23483
5.0395
5.2863
5.07215
5.22988
4.68193
4.94206
5.90135
5.57293
5.14134
6.10779
5.31776
5.30257
5.33651
5.40369
2.9527
6.43221
6.77735
4.44109
6.66549
3.43177
3.86929
5.00544
4.2798
4.47555
5.13074
4.91208
3.49222
7.06
4.61657
5.52812
5.406
3.74036
4.98723
5.76397
5.44631
6.47115
4.13369
5.20169
4.78134
5.01437
4.20662
4.4512
5.95177
5.1413
5.61621
4.69547
5.95108
3.92271
5.40591
4.81873
6.38975
4.19889
3.23518
5.56593
6.43171
5.5055
5.45801
6.19824
5.28099
6.10371
5.93047
4.49065
6.74447
5.31701
4.19994
5.04956
4.1337
6.37773
5.46407
4.02965
5.93244
5.72506
5.27461
5.15238
5.36011
3.20362
5.77524
4.49971
5.71278
4.92329
5.48634
5.05956
5.03068
5.20935
6.56082
5.27101
4.06235
4.99201
4.75096
4.3341
2.75117
3.62059
5.26044
3.99692
5.39359
5.52169
4.70725
5.55097
4.11219
5.35107
5.49202
4.32938
4.89098
4.52867
4.71747
5.51843
4.92098
6.02628
3.63446
5.98349
4.83549
6.62567
4.30662
4.40443
3.98221
4.85962
2.47061
5.14663
4.79972
4.67096
6.32711
4.70214
4.64484
6.27037
5.63985
2.97875
6.18398
5.07135
4.68416
5.4194
5.006
6.12967
4.84166
5.62722
4.87323
5.96608
4.31664
6.45388
4.06328
4.54177
4.73139
5.39597
4.91396
6.17052
4.32862
4.34631
5.6765
5.27493
4.66846
5.4191
5.42767
6.55264
4.85478
3.75728
4.19021
5.8704
4.86656
5.33658
4.76117
5.27741
4.90984
5.83715
6.22247
4.60246
4.14568
6.45054
4.35493
5.49548
5.47603
4.6632
3.77238
4.90581
5.95756
6.7715
5.55445
5.24427
5.36546
3.65739
5.482
3.62658
5.53151
3.44605
4.78806
4.97541
3.78618
4.5603
4.56258
4.89629
3.71905
3.49393
6.30707
4.99132
4.43417
6.75812
5.22593
3.35918
5.30816
4.56783
5.67152
4.18672
5.98385
5.08567
6.4025
5.01768
5.09837
5.59768
5.01954
5.89909
6.57446
5.0284
4.78217
5.51446
5.62165
4.21755
3.89854
3.98066
4.32871
4.49436
5.26947
6.00309
4.92873
4.8879
5.64949
5.25583
7.01579
4.82819
4.68998
3.83923
4.35646
5.31588
6.80629
5.70333
4.67673
4.51292
3.84641
6.12606
3.83161
3.23503
5.42595
3.17317
5.96322
5.16726
4.14675
4.5752
5.46511
4.39906
6.128
5.79481
5.22389
3.66123
4.83805
6.12436
5.68671
4.17393
4.11344
5.88349
4.70914
6.03491
5.29278
6.04639
5.17852
5.71853
6.36461
5.08796
5.90868
4.17616
5.95198
6.09837
5.97586
4.0781
6.00661
4.67907
6.08152
4.03903
5.04708
4.84416
4.95215
4.56819
4.93896
5.85872
4.50481
6.86335
3.53447
5.98345
4.5239
4.68007
4.6793
5.27307
4.89819
5.31515
5.4814
4.98474
5.20901
5.40109
6.21063
5.16208
5.3991
4.03533
5.04251
5.6186
4.57137
4.18673
4.92562
3.52335
4.77274
5.6296
4.95976
5.36715
5.1266
4.31886
4.11818
5.93053
3.86352
5.9829
4.12613
4.74938
5.9001
5.42201
5.70614
6.23803
2.56683
5.76054
6.55727
3.7076
4.99274
5.14737
3.19303
3.7456
5.81764
5.33284
5.26616
6.90146
5.81098
6.84205
4.45023
5.01289
4.48365
6.1927
6.01545
3.90036
4.96131
3.70502
3.78719
5.79924
4.91514
3.93245
3.42531
4.43451
4.42439
5.26737
2.69778
5.67468
5.98602
5.3393
4.4794
5.60642
5.23454
5.07116
3.08399
4.58283
4.80397
4.87841
3.82486
5.20703
3.60145
5.25899
4.80992
6.11742
4.09715
5.22066
5.17427
5.49874
6.41427
4.55144
5.1988
3.9909
4.60425
4.90951
3.82345
4.58071
4.85139
6.62961
5.9021
3.38307
6.30552
5.08692
3.90287
4.32735
5.67525
5.41221
6.45348
4.29478
4.64013
6.10684
5.03765
4.56718
4.74449
5.51256
4.03704
4.1576
5.03147
5.03809
4.97734
5.96594
4.97492
4.42045
5.43726
4.19632
5.90189
4.15072
6.0719
4.81522
4.28124
3.98697
4.4676
5.14394
5.06599
6.7281
4.31096
5.78216
2.73383
5.88488
5.93168
5.01897
4.09011
5.22916
4.94367
4.46538
3.50556
5.86078
5.73126
5.34401
5.81218
5.15194
4.38866
3.82402
3.75718
4.84504
5.04429
5.18441
5.22431
6.81331
6.80354
6.06734
4.95204
5.44436
6.37306
3.74514
5.79128
5.84489
5.09439
4.11134
5.17105
5.95796
4.38472
4.36918
4.19188
5.46002
5.09142
5.0488
5.7866
3.36741
5.17204
4.69786
5.09718
4.61247
5.71943
5.33973
4.68588
5.10979
4.71057
5.65791
5.58887
3.19972
5.83372
4.2857
5.07091
4.13225
4.9973
5.9559
6.18379
5.6342
5.21454
6.76412
3.5933
8.13877
4.92085
5.59117
5.70838
3.87507
3.63047
7.15183
5.03779
4.72263
4.24769
4.77838
4.98953
4.04314
5.39248
5.1329
5.11123
3.70029
4.72364
5.25923
6.00226
4.8093
5.41429
3.48182
4.9939
4.17876
3.91888
6.28335
3.68727
8.06666
4.76674
4.89835
4.88659
2.54907
5.51812
5.63775
4.10901
6.02573
5.68571
4.38851
6.25362
5.83047
6.553
3.24363
6.95047
2.98511
4.56046
4.95873
5.10618
4.09821
4.47867
5.34188
5.68336
5.91993
6.44638
4.61221
6.68677
5.65286
5.96712
3.82307
5.02341
4.9628
5.87299
5.74108
2.81588
3.99535
5.22873
6.13648
5.89417
4.27982
4.33479
5.06328
4.37767
6.21572
3.41989
5.10522
3.48433
5.41395
4.77052
6.05241
4.44704
4.90783
5.112
5.59512
4.63664
6.04985
3.87979
5.83299
4.73961
5.43082
5.67604
7.00093
4.34191
5.32931
5.1423
4.82961
4.66377
5.46677
5.83852
5.00899
5.61259
4.97807
5.65896
3.56647
5.43492
5.33072
5.74489
4.16908
6.06309
4.83614
6.4964
6.09227
5.37187
4.97052
6.33341
4.88852
4.12336
4.71503
3.78388
3.70023
4.33437
4.9739
5.80835
5.48425
4.20692
3.10569
5.84947
5.00474
4.09195
6.08491
4.72894
4.98793
3.72041
5.75255
3.5235
4.01826
4.93291
5.01183
5.6087
4.51845
4.5286
5.48767
5.25303
4.33725
5.50152
4.45121
5.52006
4.02392
5.43284
6.55334
4.60772
5.27671
4.29256
5.59612
4.10818
4.96648
5.08682
4.72109
6.14596
5.34428
4.63261
5.95419
3.25036
4.57899
5.94617
4.18801
5.41346
5.03394
5.54989
5.83456
5.05955
5.60246
4.16182
3.87379
4.53143
3.77907
3.75366
3.58928
5.65692
5.00599
4.9475
4.91352
5.8082
3.84469
4.36861
5.18196
4.54174
5.93993
6.32548
5.00219
5.85616
4.11842
5.62886
3.32741
4.8976
4.029
4.56373
4.07886
3.97573
4.9313
5.27028
3.92825
5.32984
5.39717
4.13375
4.98568
6.14945
3.50079
4.24394
2.99058
5.90539
4.02095
4.76764
2.78866
3.39698
5.35861
5.24592
4.39358
4.46965
4.39812
4.91295
3.36893
4.72237
5.91274
4.40678
4.62745
4.93561
4.70084
5.23692
3.77395
5.44392
4.27417
4.92988
7.08762
4.14722
2.90698
6.06067
5.93816
4.62316
5.86117
4.03653
5.16049
5.71329
3.61914
5.26075
4.07654
4.55453
4.56826
5.35622
4.7726
4.49026
6.24122
5.05772
5.13984
5.7401
3.59374
6.24464
5.82201
6.33566
5.6748
5.35944
5.3716
5.39754
5.06928
6.9406
4.2016
4.10852
5.05056
6.39701
4.36547
4.9471
4.09048
5.02995
4.10702
5.17468
4.64954
4.61514
7.04478
4.34404
4.70814
4.12625
7.5689
5.46111
4.83376
3.49056
5.85348
4.20824
5.71773
5.30353
4.4156
4.23514
4.08589
4.74471
6.15261
5.66144
6.00233
5.91052
4.77212
6.74654
5.67551
5.60422
4.19076
6.01155
5.23718
4.08238
5.25206
5.2986
4.76674
5.5172
5.69785
4.53378
5.84923
5.47701
3.98234
4.77051
4.91951
5.99833
3.8233
5.92449
5.01935
4.90871
7.49674
5.30364
5.82502
5.48426
4.85761
7.83933
6.97463
4.74896
5.90664
4.95139
4.1523
5.29484
4.73944
5.16005
5.61989
4.8247
4.14403
4.86547
5.61026
4.77314
4.77485
4.86265
3.83334
6.14949
5.85125
5.20559
4.98718
3.06071
5.56367
6.83512
5.53853
5.26591
4.20802
4.15108
4.4855
6.55996
3.54754
5.84356
4.11022
4.19779
4.04828
3.3529
5.49706
5.97946
4.85077
4.73087
2.7573
4.87631
5.55802
5.05266
7.04431
3.16079
5.09866
6.21147
4.24292
5.11889
4.26213
4.09038
4.04699
4.20892
6.23979
6.67823
5.75708
5.75955
5.23937
4.83549
5.20858
2.90883
4.72357
4.02366
5.76922
5.22627
5.08091
5.39763
5.64871
5.01176
4.52879
4.33469
5.4109
4.42426
2.11199
5.15633
3.83302
5.18139
4.0032
5.67238
4.75966
3.581
6.26858
4.19033
5.78856
6.03278
5.62542
4.88762
6.09342
4.29369
5.05729
6.0082
4.78502
5.35662
6.80149
5.28405
3.82392
4.98865
6.76761
6.04526
7.00306
6.15585
4.80035
4.20132
5.9753
5.45385
6.11868
4.31264
4.03346
4.73397
4.89614
4.67454
5.40995
6.72988
5.81627
3.97498
6.22768
3.96865
6.4962
4.49362
5.60815
3.41039
5.20639
3.11184
1.97748
5.87383
4.28588
4.17637
5.55446
4.15592
6.88491
5.56542
5.44286
5.03783
5.52952
5.87049
4.24173
5.1114
4.29336
4.55079
5.5721
4.68908
4.43027
5.03607
5.24468
5.04362
5.1275
4.92398
4.8617
7.10646
4.0222
5.3287
3.85893
5.11082
3.62933
4.15996
6.19118
5.99107
5.536
4.55457
4.65776
5.53207
4.98632
3.42894
4.18737
3.99366
3.88862
4.46227
4.3262
5.05012
6.01983
5.22289
4.24254
5.43245
5.57231
5.19003
4.39878
5.56837
5.48566
6.32884
6.80295
3.93131
5.05507
5.22887
7.58105
3.78903
4.92023
5.38878
4.7833
6.88328
4.76998
4.79501
4.93685
2.8907
5.01911
5.40506
4.39089
5.03978
4.53602
5.38607
6.22399
6.63454
5.4669
5.52302
5.14701
5.28518
6.46462
2.95665
5.11382
4.93132
5.80966
5.64948
4.94589
5.38197
5.70714
5.46644
6.48648
5.81933
5.95651
5.34945
3.83292
4.50773
4.19891
4.62569
4.7079
4.60296
4.33915
4.49232
4.88287
4.27012
4.63603
6.76091
5.49384
6.80348
3.28623
4.38317
4.47363
5.72792
5.54851
4.40359
4.84613
4.07688
5.48972
5.29919
5.5558
5.42258
3.69738
5.84242
4.86265
5.27795
5.92853
4.90703
5.2329
6.23502
5.76183
3.8382
4.37708
5.69958
5.47513
5.11577
4.65151
5.77107
4.34869
4.61187
3.51435
5.54671
3.21473
3.49491
7.29619
4.93842
6.44143
4.73515
4.00744
4.99935
3.79716
5.8814
5.54346
6.69181
4.30796
5.70042
4.19561
5.5658
6.40542
4.4421
4.55603
5.05081
4.43966
3.27618
4.80247
3.55232
3.30801
5.2018
5.69526
5.28581
4.13805
4.89327
4.10696
3.91771
4.91149
5.49302
4.92112
5.21055
5.96812
5.05783
4.48895
3.82957
5.23698
5.20716
5.16517
4.41582
4.44141
3.99559
4.90736
5.14551
5.71187
4.3487
4.262
4.35433
4.84714
5.31494
3.99402
5.91026
5.95393
4.20351
6.09667
5.93745
2.87178
6.05317
4.79618
2.87689
4.68265
5.35307
4.84128
4.84976
5.2041
5.4623
4.89914
6.38247
5.43851
3.89497
5.92437
4.50301
5.88068
6.1534
3.64816
5.37371
5.76176
3.70284
5.14529
5.83959
5.438
6.05083
3.78754
5.07003
5.67968
4.14957
4.77349
4.70451
5.565
6.25796
4.97077
3.62892
4.71183
4.07132
5.83672
6.7304
4.73128
6.02755
4.97058
5.43877
4.8562
5.11726
5.10318
4.74214
6.56109
5.96695
4.55911
6.07587
5.02721
6.11179
3.65215
3.74149
2.56511
4.68168
6.98487
5.30277
6.32592
4.30221
6.86029
3.90914
5.883
5.18322
4.02098
5.69141
3.77563
6.34845
4.89859
5.74547
4.49703
6.48841
4.79896
4.00005
4.15754
5.61553
5.212
5.6456
3.53815
3.58344
4.46616
5.19577
3.19966
6.92243
5.77464
4.71512
4.37185
4.25332
4.54835
4.42304
6.28434
4.94073
5.16927
5.69324
6.29824
6.3444
5.67465
5.52448
4.3043
4.19805
4.6716
5.92201
3.40476
5.88244
6.56069
5.82178
3.98717
5.00174
5.1764
5.34429
4.86862
4.52656
5.7777
4.28493
4.46252
3.42754
4.08586
4.93761
5.54475
6.20989
5.70631
5.55196
4.54159
6.85147
4.80558
3.47726
6.49464
6.95864
3.71442
4.97601
4.55744
4.63085
5.16364
4.28291
4.26352
4.95118
5.02716
6.47155
3.43567
4.9334
5.17431
5.25318
6.12698
6.36829
6.25333
5.61116
4.78873
5.10804
4.48305
6.17592
4.7114
2.06802
5.16556
3.60399
3.63926
4.16818
4.48866
4.90451
5.6074
5.22867
7.79177
3.26159
5.06242
5.67022
5.45065
5.10242
5.34567
5.7404
4.54836
5.21421
4.45403
5.20399
4.35587
5.88253
5.67492
4.81079
5.73647
6.05848
5.24209
4.06468
4.07534
4.8134
5.75974
5.77833
4.34099
6.65297
3.88986
5.52328
7.25399
4.94985
5.80163
6.57293
4.03091
3.94363
6.23376
3.85129
4.25488
3.736
6.0474
4.69833
4.61222
5.2849
6.50689
3.8336
4.01
6.47241
5.46205
4.73835
4.71215
4.61329
4.91916
5.05926
3.47535
4.17194
5.17909
5.46345
4.21819
7.11947
5.88092
5.59608
4.04658
6.08824
5.27256
6.66314
5.75079
5.88471
5.11388
4.56189
4.0723
4.93739
5.31356
3.45595
4.25603
5.07259
3.62638
5.363
4.71909
5.58139
5.52417
5.92643
5.94669
6.33487
4.47456
5.33883
4.21366
4.81498
4.61917
4.68674
3.81884
4.19485
4.02539
4.13263
4.34093
3.90255
4.81747
4.82344
6.41606
4.12665
4.81274
2.96145
5.98904
5.51338
4.40012
5.19867
5.96806
5.60293
5.31586
5.73647
5.61316
5.5921
6.38399
5.57195
6.32794
5.57341
4.70936
4.89936
5.5925
4.99569
4.99842
3.6176
5.05585
5.51101
3.56679
4.61878
5.08722
4.86766
6.13664
5.46417
6.60559
5.61835
6.53986
6.61035
4.06037
4.35466
5.29531
4.90377
4.83198
5.47069
3.45273
4.99389
4.96354
5.2655
5.29841
5.27338
4.49001
4.45527
3.35342
4.72598
5.2984
4.64371
5.29901
5.08082
4.39327
6.9302
3.52173
7.27931
4.03506
5.10578
4.71502
6.01419
4.68191
5.01833
5.23755
4.82551
4.43134
6.18682
5.67878
5.05625
6.4082
3.34554
4.17451
3.77866
6.70798
6.14763
4.68092
3.97536
4.96164
4.12598
5.26479
2.8787
5.55881
5.51017
5.84959
4.56892
5.8575
4.91291
5.27329
6.9857
4.87923
4.6775
3.96542
3.56278
5.34782
6.60001
3.45946
4.8992
4.54825
5.21996
3.61348
6.4467
5.28359
5.51726
5.53782
5.5204
4.69861
4.3021
5.1826
5.19513
5.4671
6.62124
4.49048
3.22676
4.60862
5.74665
5.32038
5.21665
2.64904
3.6802
4.86769
4.53198
5.71776
4.16303
4.61038
6.12914
4.61928
5.15465
2.89251
5.02474
6.31798
5.14332
4.91024
5.10688
4.74626
5.86253
4.13518
4.7865
5.50937
5.50356
3.75335
3.75866
2.74554
5.7352
4.57385
5.48533
3.40361
5.92668
3.90044
4.55597
4.39719
5.62963
2.19512
5.03032
4.45319
5.69657
4.94635
6.23882
4.98955
6.46725
5.15334
6.2948
3.97425
5.02936
4.83746
4.28899
4.11667
5.33163
5.04017
4.56372
4.7462
3.74912
4.61746
5.30637
5.39443
4.19577
5.16168
4.07004
4.8465
5.48718
5.46509
4.07339
5.67188
5.50576
3.04085
4.03209
4.76939
5.19852
3.78441
5.85529
6.23822
4.58125
5.51885
5.12851
7.3552
4.33578
5.71043
4.42208
3.19339
3.90398
5.42104
4.61151
4.88475
4.26987
5.15057
5.40625
5.65299
6.24847
5.05051
4.11284
4.51618
4.06648
6.05004
5.97538
6.00088
5.3738
4.67466
6.20251
4.8033
6.67783
5.33466
5.00125
5.40569
5.65241
6.64483
4.83487
4.23641
4.63448
4.02366
4.25474
4.66469
3.76854
4.38717
5.33237
4.29815
4.62995
2.86509
4.44208
5.29238
4.12767
4.92523
4.01153
4.39293
5.46261
4.10946
5.74067
4.47477
4.98535
6.03807
6.06383
5.46505
3.58847
5.86549
3.57867
5.7438
5.09491
4.2352
6.69252
4.65771
4.98611
3.51075
4.52836
3.96426
5.36916
5.77233
5.54855
5.88731
3.53426
5.96244
4.32664
4.84034
5.28129
5.2712
4.32466
7.21257
3.44853
4.96898
5.25651
6.65232
5.64595
3.45258
5.34937
5.35949
5.35946
6.83022
5.31013
5.63088
4.65325
5.59281
3.74452
6.59879
3.81271
5.84714
5.25388
5.64024
5.95281
5.51577
4.90846
6.13962
5.2329
5.09488
5.28039
4.30048
5.59882
6.16906
4.43055
4.84591
5.60625
4.73992
6.23334
5.62792
5.08812
4.49066
4.67675
6.46274
4.83413
4.98252
4.17033
5.44594
5.92622
5.33628
5.69681
5.69147
4.61467
4.16363
4.11881
5.43244
4.95904
6.73053
4.39308
5.89594
4.65444
5.01494
4.5514
5.53214
4.4959
6.08674
4.22587
4.26091
4.39591
6.22692
4.04207
5.26116
5.20683
5.78324
5.93157
5.53142
5.20793
4.71039
5.47705
6.72472
3.97746
4.11709
4.62158
5.9047
4.55752
4.87161
4.10148
3.07261
4.73727
5.40527
4.25179
3.99249
5.54876
5.16769
4.12128
5.73909
3.98707
6.62008
6.24758
6.17184
6.82267
6.33347
3.93374
4.22409
6.3967
7.35985
4.49396
5.04574
6.55855
5.87895
4.02315
4.99124
5.54766
7.16778
4.30944
5.78955
3.33008
4.19442
7.14968
5.18984
5.71635
4.17348
4.79135
4.51117
5.94243
5.85651
5.33635
4.88237
6.88953
4.85435
4.66779
5.33595
6.51071
5.67575
6.20904
5.10787
4.84772
5.27841
4.90893
6.6389
4.39844
3.73038
4.30263
4.74048
7.05496
4.05724
4.60081
5.39485
4.14781
4.40243
4.37137
4.01343
4.14177
4.69236
5.54874
4.49405
4.85578
6.1968
5.52257
4.15285
4.99738
7.23773
3.07373
4.87199
4.97045
3.96835
5.26107
4.57611
4.91249
3.81138
6.35593
3.42737
4.67859
5.07797
6.15942
6.44411
6.47861
4.8659
4.95985
4.88812
5.69638
4.79194
4.97637
6.68077
6.87345
3.20183
3.91996
3.86195
5.89113
4.96189
5.29292
7.18053
5.50766
4.83733
4.69889
5.68909
5.17873
6.21127
3.80578
5.33385
3.59081
7.18981
4.66381
4.66306
3.50057
4.9781
4.79219
5.23918
6.37202
4.47597
5.92015
5.70224
4.27134
5.20033
4.63878
5.27562
5.66686
5.21028
5.33716
4.53962
7.10353
5.52388
5.17879
4.77999
5.19733
5.63128
6.38426
4.57396
4.8415
6.22534
5.01887
4.79167
4.35326
6.09673
4.95395
4.47302
4.31839
3.84326
3.11714
3.12853
4.07152
4.27258
5.75082
3.95296
5.80803
4.80057
4.247
4.39315
5.37291
5.51113
5.10008
4.58737
3.64008
5.94277
4.26035
6.5269
3.98421
5.25727
4.62216
3.76913
5.26625
6.71467
2.87987
3.39768
5.80625
4.62728
4.74079
4.98029
4.94905
5.00771
3.57815
5.3521
5.03268
3.10382
5.77784
3.38749
5.13151
3.83431
4.81693
5.61337
5.07291
4.97352
4.7947
6.58086
5.39166
4.63809
3.73194
5.53268
3.08932
3.55467
5.47309
5.20606
6.22868
4.87109
6.32831
5.86705
4.99022
6.1576
5.97675
4.54562
6.84393
4.98041
4.89638
4.59757
4.49598
6.16151
5.982
5.61215
4.95469
3.93977
4.52258
4.52694
4.76927
4.82012
5.30178
4.97089
3.10279
5.36903
4.92081
6.08786
5.53492
5.50467
4.44952
4.45928
5.81798
6.10709
4.91206
5.03696
5.87853
5.97123
4.70383
4.12367
4.36871
6.47968
4.54668
6.16195
7.36083
3.79711
2.91333
4.21199
4.95608
6.11164
4.29306
4.52797
3.50097
3.27464
4.51086
4.23321
4.46633
5.33949
2.4211
5.42155
4.2536
5.66129
4.98664
4.65699
6.00344
4.27247
4.53468
3.64315
5.64139
3.19764
4.24449
4.3448
7.00112
4.86091
3.7563
4.28137
6.48463
4.49714
5.64765
4.00343
5.15853
4.3467
4.82665
5.98181
6.69281
4.45459
4.30906
3.17872
5.38268
4.36196
4.95114
4.33241
5.01705
5.73456
4.02486
6.53102
3.98424
4.58903
6.63133
4.68996
4.89779
4.87338
4.54601
4.85848
4.68604
5.37288
5.17905
4.13631
5.06617
5.34444
4.93997
4.12859
6.29291
3.39476
4.02785
5.76895
4.82681
4.97806
2.75372
2.55468
3.75903
5.48247
6.7073
6.23416
4.94681
6.06962
4.27121
5.56308
4.02146
4.05891
5.59517
4.56491
4.50925
5.63312
4.35512
3.34231
5.01801
5.72992
3.23292
3.71804
6.94819
5.06676
5.76216
4.21857
5.4653
5.76362
5.30856
4.49404
3.58119
5.55521
5.03831
4.74497
5.68013
6.10139
5.34458
5.03368
4.04565
6.19648
4.75087
5.35158
4.7772
4.89825
4.44319
5.7187
5.96737
3.50754
4.96184
5.20397
3.89834
3.11866
5.54267
4.06832
5.00555
5.83778
5.03393
5.73083
5.00586
5.61695
5.853
6.3924
6.11025
4.31059
4.39518
5.56809
3.33225
5.02997
4.011
3.06045
5.09589
5.66116
3.50004
6.63084
6.09777
5.45609
4.13999
5.67249
6.148
4.2797
5.10159
6.15878
4.40537
6.19109
4.4015
4.94829
4.27454
4.93653
3.26652
5.70154
3.78797
4.91039
6.63025
6.13736
5.6869
4.69513
5.47647
5.10136
5.62238
5.1597
4.39378
4.36703
6.49955
5.17985
4.27848
5.50176
4.6728
4.96651
4.36213
4.54905
4.27118
4.71612
5.57976
5.2008
6.4771
5.85224
5.64428
5.47905
5.10607
3.72846
6.76291
4.97247
4.74874
5.95139
6.29601
4.80788
5.19767
4.48871
4.75991
3.83091
5.61359
5.93649
6.10958
5.30285
5.60475
5.7388
3.98625
4.27079
4.40102
5.51672
5.96327
4.66684
3.31131
4.2249
4.26361
2.56006
5.15336
5.82405
5.17893
4.69256
4.3272
4.95716
4.3399
4.7742
6.29097
4.65542
4.50524
6.79747
4.97087
5.27412
5.27885
5.12998
4.16949
5.20501
3.64649
6.26644
4.54467
5.76623
3.88309
3.825
4.89512
5.40964
5.07219
6.16474
5.99547
5.69564
4.39237
5.68678
3.77433
6.45008
4.52117
6.08364
4.47244
4.2308
6.90064
5.41509
4.6994
5.55602
5.55472
4.24515
5.40712
4.67591
4.99134
5.28001
4.41251
6.43459
5.18921
5.38969
4.92798
4.00992
6.34611
6.28267
4.38581
5.71202
5.40101
5.27237
4.20944
6.25696
6.04445
5.09352
3.29211
3.83086
5.69873
5.39382
5.83327
4.99205
5.25126
5.36962
4.02578
4.89517
4.65905
4.5075
4.21725
3.37638
3.63801
5.72507
5.56211
6.14022
4.70073
4.00879
5.60472
5.06612
5.89995
5.54567
6.41674
3.97404
4.73498
3.75546
5.22662
5.08877
6.37938
6.22851
5.86499
5.38227
5.21043
3.87932
5.21415
6.39574
5.7797
4.01765
6.0772
5.44693
5.43656
5.3072
4.84897
5.45568
5.93028
5.04612
5.58799
6.61241
5.19442
4.76045
6.12789
5.01079
3.94781
3.7025
3.18922
3.85873
6.30396
4.93672
5.87583
6.23688
4.90555
5.85862
3.65686
4.70366
5.35479
4.79789
5.37588
6.11396
3.7386
4.20301
5.65782
5.95487
5.92879
4.18934
4.39394
4.94636
4.13997
4.39926
4.60196
4.63715
3.98589
6.1596
5.31054
4.50592
4.41745
4.76443
4.85174
5.18133
3.85413
4.89244
5.02633
3.4984
4.68893
6.10719
4.99335
5.27027
5.0741
4.13257
5.52608
5.06066
4.25997
4.14686
4.5812
4.54141
5.15921
5.47955
3.46258
5.82178
4.82154
6.0978
6.54237
4.92343
4.55004
5.71251
6.06816
4.91647
3.77788
6.27616
6.06532
5.37335
5.52116
6.54889
3.56235
3.9967
6.41217
6.89604
4.84567
4.1651
4.41436
5.16071
5.24136
5.36794
4.15948
5.0622
5.99595
6.30594
4.25431
3.45112
5.20974
5.25814
5.98692
4.76056
2.92922
5.50521
3.9205
6.26506
3.54993
4.51179
6.31064
5.30141
3.98247
4.31366
3.45783
5.09167
4.07146
4.29564
4.71342
6.47788
7.43099
5.67805
4.34489
4.45735
6.07578
3.73925
3.66103
5.59458
4.19498
3.645
5.57702
3.9433
5.39639
5.52367
2.91541
3.77988
4.03833
3.05046
3.43408
6.87682
4.70958
5.61727
2.90312
5.17512
4.92746
4.61249
4.63941
5.35605
4.4925
4.11946
5.12913
7.01294
4.77328
4.73963
3.27896
4.59742
4.68045
4.60224
6.46715
4.72645
4.16545
5.40443
5.67683
5.39059
6.32339
4.75946
5.34414
4.83193
5.36897
4.47842
6.34466
4.27365
5.46618
4.95315
4.08856
5.4109
3.58769
5.07988
4.71157
4.99567
4.20854
4.89712
5.22618
3.95662
5.53842
6.35468
6.11992
5.71505
5.28569
4.85461
6.01473
5.56696
6.08395
5.55458
5.28238
5.62638
5.98639
4.05656
4.31983
4.37379
5.69201
3.42861
5.00527
5.93366
4.61605
5.11098
5.24444
4.71673
4.25993
6.28427
4.28672
5.12747
3.57159
4.22625
5.45947
5.41856
4.54462
6.12258
5.61231
2.89658
4.78597
4.29368
5.48547
7.41715
5.25194
4.77834
4.11393
5.43288
5.51
5.65803
5.60996
6.87372
5.54507
5.78066
6.9346
6.70537
4.47453
4.7065
4.2085
4.91302
5.44098
3.65657
6.54846
5.40543
5.91959
5.08299
4.47233
5.02027
5.58117
5.44757
5.07304
4.5324
5.15531
4.84221
6.59933
5.28561
5.95753
3.66831
6.46903
5.37731
4.69918
6.16737
3.41641
3.25924
5.72364
4.52739
5.81303
4.85735
3.87958
4.84683
5.60268
5.82732
5.59751
4.26841
6.47074
5.69717
4.66347
5.03373
6.48597
5.34235
3.51343
6.64604
3.93333
3.49213
5.60553
3.41362
2.41142
5.13049
5.34201
4.3505
3.83184
4.91699
5.84293
4.70307
6.09048
4.62477
5.23769
6.31291
5.29021
6.14156
6.11909
6.238
5.41806
4.88141
5.47245
2.75277
4.43401
5.405
4.28052
5.29859
6.37178
5.49538
5.18099
4.8416
4.04576
5.11272
4.61247
5.95794
6.47957
4.68834
5.90807
5.78386
5.81872
4.41776
4.51203
6.01066
5.13086
5.3553
5.6607
5.82661
5.40261
5.14552
4.62
4.84431
4.43754
4.10689
5.8352
4.19073
5.28803
6.27541
5.77682
3.47253
4.91552
5.39291
5.04378
4.38435
4.17751
5.92419
4.79109
5.10757
5.22973
4.48342
4.53578
5.09685
6.25422
4.32259
5.45575
5.6067
5.41071
5.286
3.27278
5.02405
5.5228
4.50751
3.55444
5.44461
5.72161
5.69536
5.41453
5.50793
4.56501
4.8331
3.28517
4.89025
4.83638
4.68146
4.11283
4.01572
4.32306
7.22744
6.16238
3.43562
3.97003
6.34634
4.07136
5.28122
5.8093
3.42708
4.85854
4.23809
3.08611
3.69536
6.32002
5.82797
3.43315
3.68549
6.00969
6.36185
5.18097
5.21259
4.76395
4.93902
6.98055
4.85034
3.63413
4.87032
5.06343
4.77646
4.97037
6.07435
4.01436
6.99812
5.26007
4.79935
6.50413
5.25732
5.91272
5.48749
5.15891
4.54985
5.33726
5.47739
5.43968
6.2815
5.16139
4.35512
6.45044
3.91518
6.34305
7.2539
6.74336
6.39187
5.97462
4.91477
5.47247
5.36956
3.91734
5.14319
6.16124
6.55301
4.8079
3.87736
5.66868
5.71387
3.42604
4.63954
5.69465
6.10305
6.02147
5.59037
3.42049
4.29087
2.76933
5.20045
4.87342
5.23744
4.90503
3.67495
4.22305
3.29204
4.60535
4.33589
5.35551
4.33498
5.65592
5.23468
6.55219
5.75838
5.50948
5.96166
6.26507
5.23609
3.20719
4.68476
5.35125
3.56839
4.97432
5.82873
5.43469
4.12294
4.13152
5.33244
3.97019
4.76104
3.62562
6.90388
4.51
4.1393
3.46901
5.21999
3.33812
5.19577
7.2386
3.58484
4.55204
5.39904
3.98771
5.70526
4.85389
5.07514
4.60094
5.59686
4.62393
4.70327
5.09262
2.89225
5.20146
4.35508
4.98603
6.08095
4.546
4.92689
4.08809
4.15955
5.89218
5.75871
6.01871
3.90427
5.06048
4.23469
5.00103
4.4322
3.92267
3.67334
5.17373
5.54464
5.40659
5.2149
4.72482
4.70072
4.67081
4.01918
4.94949
3.79361
5.29847
4.63488
5.77046
5.06596
4.11768
5.6967
5.05601
4.64785
5.03327
5.46914
3.46952
6.28176
4.36486
3.69674
5.77375
5.95737
4.35558
3.92794
4.34394
6.39888
5.18601
5.34826
3.80852
5.23697
6.66989
5.04904
4.4865
4.54274
4.94874
6.04284
4.1225
5.15507
4.17934
2.78179
4.60382
4.87239
6.23293
3.45941
6.06796
4.97486
5.2937
3.64917
4.64728
5.23558
3.75088
5.19114
5.57806
5.47089
5.16269
5.77002
3.03277
5.15194
4.31638
5.80496
5.41755
4.94164
3.18374
4.55452
5.28524
4.88682
5.99769
3.86148
4.15177
5.26048
5.80901
4.40578
3.17567
5.4816
5.77882
4.5249
4.44104
4.25759
3.47112
4.0398
5.79234
4.63013
5.87712
4.64846
4.76453
5.36714
7.08394
6.33215
6.60404
4.37626
6.32384
4.71147
4.53112
6.1814
5.99954
5.30983
4.44709
4.85851
4.89419
3.92482
5.74714
4.59725
6.97324
5.28662
4.33354
4.71801
5.53903
3.29549
6.71919
3.69112
4.62556
4.14212
5.8028
6.44509
5.67588
7.09554
4.28301
5.03246
6.62956
4.03468
4.97698
5.50538
5.34092
5.0946
4.99993
5.16689
5.12976
4.57927
5.9537
4.36097
4.87244
4.14791
4.6562
5.94039
4.28772
4.99065
4.78669
7.22189
4.49351
4.70581
4.39741
5.47762
4.11699
5.20274
6.32539
3.47392
4.24588
6.00414
4.83782
4.43611
4.73161
4.02405
6.36354
5.78805
4.9485
3.30637
5.19812
5.47994
6.24071
6.35409
6.76221
4.64927
4.6651
5.194
4.922
5.48194
5.70548
3.45849
3.73779
5.19672
4.1703
4.58672
4.67828
4.85464
4.48544
3.93932
4.50098
5.50425
5.57558
5.52841
4.05966
4.48217
3.59754
5.7858
4.47012
3.74535
4.38399
5.66366
4.85502
3.59769
7.12475
4.98926
5.48389
4.31509
5.27844
5.5528
5.57935
5.299
4.5258
4.13467
4.77437
4.55525
4.55756
5.04121
6.22277
4.90389
5.81413
3.48229
4.38669
5.80492
6.21136
4.38669
5.4701
5.37188
5.19812
4.07796
5.12521
3.60839
6.45918
5.36252
4.77095
7.74204
5.47548
4.1925
6.59802
4.57018
4.38699
3.63843
5.29115
5.14109
4.26017
3.35826
5.91853
6.47052
5.65674
4.95819
5.50935
5.57598
4.11113
4.67838
5.16314
5.54694
6.34703
4.33539
6.67712
4.07161
4.46914
4.9445
3.60268
7.09115
4.86714
4.55094
4.59168
6.24421
4.73589
4.21253
5.23137
5.057
4.35294
5.00859
4.68026
5.50757
4.47069
4.72142
6.05973
3.61621
4.05695
6.00814
5.04506
4.07079
3.67092
6.09317
4.1423
4.34798
4.52695
5.31607
5.55138
5.17121
3.3785
5.55297
4.39926
6.36117
6.23033
4.51257
4.93102
5.18094
4.12111
7.59112
3.87085
4.76356
4.08425
4.56486
3.60045
5.00493
5.49048
6.16214
5.22325
6.8687
5.33182
6.3121
3.73036
5.77594
4.06503
5.29103
3.80769
5.03901
4.64688
4.10977
5.04061
4.39354
3.57926
4.77557
4.71173
4.39053
4.65383
3.82665
5.09083
4.43824
4.49283
4.63818
5.3637
5.54439
5.45084
5.35824
4.72764
4.81375
4.89855
6.581
4.11878
5.43964
6.71461
5.74351
6.3481
6.90899
4.79206
4.78046
4.00489
3.74966
4.66663
3.88767
4.68755
6.46138
4.04291
6.78428
4.80008
5.37484
5.25858
4.18049
5.23308
4.56493
6.18254
5.30544
6.07693
5.82483
3.6703
6.42498
4.91824
5.74952
6.02302
3.77047
5.42671
4.6192
6.21018
5.7327
4.65469
4.87653
4.32129
5.21794
5.21724
4.39847
3.6908
5.68502
3.99849
4.84856
6.11633
6.9322
5.7217
4.61948
5.89489
5.56417
6.35636
4.68754
4.53347
5.44609
3.10363
4.55356
4.3425
2.56614
5.25736
4.79693
4.22604
6.33629
3.90766
4.11135
4.66212
5.37895
6.08345
6.99318
6.66812
4.55595
6.09215
4.48439
4.61618
6.3315
3.05716
6.07306
5.35505
5.65419
3.42543
4.21706
3.63538
6.77222
5.56447
3.88649
4.93387
6.21521
5.44517
6.42524
4.65779
5.77361
5.21809
4.76333
4.69777
6.724
4.47322
7.2618
3.66253
4.81443
6.48071
4.49947
6.56844
4.94623
4.45404
5.51933
4.67955
4.19845
4.21298
4.64181
6.22528
5.22766
4.71401
3.61771
4.29863
7.0384
3.6672
5.49445
4.69525
5.02972
3.83306
5.4645
6.07294
4.09156
5.85416
5.19074
3.70931
4.24481
4.61103
4.28546
4.08815
4.78022
6.26191
4.30208
4.38334
4.15224
4.51357
3.87786
4.37309
5.65481
4.31374
4.89848
6.77694
5.70264
4.03573
5.86131
5.50205
5.95164
4.69629
5.79723
5.84251
5.74302
5.62286
6.04128
6.17395
5.88737
5.79659
6.38259
5.45563
3.93642
4.70673
2.12348
4.13361
5.37035
4.60761
4.44384
4.77658
5.1315
4.26027
4.65126
4.78138
3.91853
5.02367
4.93389
3.6356
4.88173
5.85039
5.65047
4.17885
4.51242
5.50361
4.8963
5.66238
5.64305
4.53931
5.04535
3.50653
3.89141
4.23917
5.99585
5.73757
4.87113
4.70593
5.61675
5.54126
4.3997
5.86197
5.51474
6.55382
6.27175
3.49793
5.137
4.73109
3.7071
4.51864
4.50351
5.00533
6.2382
3.14479
4.3054
6.93497
4.7389
4.81007
5.41895
5.34214
5.83974
6.03357
5.13005
5.55947
4.3613
4.46532
6.06757
5.98966
5.62758
4.82195
4.89868
6.62147
4.29304
4.64762
5.37943
5.65024
5.34332
4.69727
5.95895
4.77945
4.42514
4.28951
4.43834
5.31862
4.09873
3.17532
5.6336
4.73336
5.57983
5.20006
3.82176
5.52767
4.92548
5.17366
5.83563
6.92548
5.54747
4.34528
4.07946
3.96563
5.39412
4.96054
5.95923
3.74615
6.26966
6.50871
3.76217
4.754
3.92316
5.41857
5.44312
4.67212
6.45567
5.96812
4.6058
4.69989
4.52041
4.78686
3.08252
5.91459
5.03795
6.07551
5.56945
3.63067
3.43388
6.03638
3.72126
5.54655
4.74943
5.37343
6.28535
5.4466
3.57575
4.51583
5.6918
5.28312
6.50253
4.3161
5.73931
6.69781
4.22892
4.36589
4.68221
3.6277
4.90425
4.90376
5.09046
6.05822
6.7284
5.14242
4.21862
5.22566
4.73668
4.94095
5.67711
4.4167
4.4793
3.68204
4.49195
3.58651
3.48274
4.67833
3.30441
4.91549
5.24991
5.13229
6.29883
4.03129
5.26638
4.93047
5.5505
4.97999
5.23294
4.17798
4.94858
6.28205
5.4249
4.74154
6.3034
4.28655
3.64127
6.56159
5.06083
5.18566
4.87744
5.00384
4.36214
3.73542
3.77093
5.68849
5.46268
4.8805
4.75475
5.91682
4.28328
4.87892
5.74796
1.81741
5.01858
5.79801
3.70576
5.31128
3.71749
3.80348
4.66454
4.09585
5.17728
4.8346
4.94509
5.4288
3.99289
4.18169
5.43728
4.16589
5.66764
5.30824
5.07459
3.49185
4.13369
4.00677
5.79965
5.15521
4.10072
4.65584
5.24489
5.8609
7.5989
5.58937
5.12096
6.14725
6.20836
4.52795
6.18847
4.1116
5.49054
5.76948
5.0072
6.3271
2.6572
6.07574
5.26932
6.16741
5.99048
4.06349
6.77573
4.99963
4.73373
3.80768
4.30045
5.36458
5.29321
4.75341
4.75625
5.40923
3.93645
6.92299
6.23322
4.37593
3.9002
6.05052
5.95625
5.29547
5.97199
4.64195
4.29399
5.65412
6.92183
4.82738
3.60042
4.97562
5.45874
4.70087
6.73247
5.02879
4.72441
4.56245
5.53842
6.57777
5.70746
5.16591
6.27646
4.88788
2.73468
6.30574
3.19574
3.64101
5.67047
4.27414
4.05039
5.49116
3.74385
6.21759
4.10581
5.68434
5.4717
4.64717
5.01688
5.22725
5.14127
5.22283
5.75427
5.26412
5.69687
5.02886
5.56818
7.51972
4.53265
5.93317
2.98869
5.33895
5.6584
3.37173
5.04372
6.0849
6.06863
5.30822
6.26308
6.3273
6.54059
5.68219
5.2505
4.70949
5.59736
5.97819
5.53737
3.8684
3.92938
5.12508
4.94253
3.31188
5.34155
4.66033
5.27892
2.7755
5.73712
4.62789
4.83762
7.22202
4.21094
4.59953
5.62374
3.85957
4.65811
7.53348
6.13725
4.57253
4.09801
4.89489
5.2368
2.85009
5.9564
5.39414
3.65479
5.52783
2.81055
5.87628
5.02274
2.61811
3.95339
5.05254
5.4795
5.85523
6.03783
5.36313
4.77242
3.77873
4.38447
5.15857
4.78706
5.2957
4.94843
4.81726
4.1893
6.36741
5.1135
4.55013
5.83495
6.58451
6.95218
5.39348
3.61342
6.74933
5.02271
5.47666
3.75335
3.82902
3.77539
3.4084
5.54105
5.71224
5.73958
3.41394
4.42784
4.96336
5.77649
5.45094
4.01643
5.97186
4.12084
3.8007
4.33271
5.76794
5.97826
5.48254
6.26059
4.70423
3.72474
4.03133
4.39989
5.55001
3.89997
6.44725
5.06598
4.33735
4.86074
5.41865
4.89603
4.16364
5.71037
5.80152
3.79318
3.97279
2.54637
4.09929
3.82505
5.94403
3.1961
5.27049
6.29319
3.74217
6.13698
6.79089
2.66546
4.99436
3.84582
4.96264
3.20752
6.24075
6.56725
4.40306
4.40374
6.11648
6.57809
4.42131
6.36724
5.65527
6.8455
4.257
4.53353
4.14835
7.16849
4.15231
6.13957
5.60652
3.71926
4.16188
3.27508
4.99936
6.3882
4.67999
5.75694
5.12003
5.72425
4.11582
5.73083
3.42259
4.42156
5.71338
5.36897
4.3857
5.99979
5.21209
5.25271
4.96785
6.08574
3.59315
4.6356
3.9165
5.26437
4.47858
4.83836
7.62462
5.27704
5.82186
5.27136
4.80502
4.29317
5.19048
5.28633
5.34726
4.75736
5.8029
2.65186
4.34787
6.12226
5.20904
4.55368
4.74501
4.37571
5.39636
4.28278
4.90825
3.6623
5.34403
5.40057
4.40577
4.32684
5.32785
5.69448
4.10636
4.03643
6.27773
4.81645
6.40729
3.58569
6.23773
4.75051
3.92956
4.20465
6.3413
5.3657
6.30387
4.25263
4.92357
4.84103
2.5246
3.70986
5.46874
4.11045
3.14422
4.95949
4.38213
5.56137
5.06447
4.57042
2.89693
6.2824
4.17498
6.05274
5.99629
6.66158
6.11416
3.24782
4.70663
4.66454
6.09681
5.67189
6.66782
4.91319
6.74562
5.63985
4.9076
3.63683
5.36512
3.58092
4.79772
7.25588
6.3031
4.46954
4.26251
5.78812
6.04844
3.89958
4.0132
7.04145
5.11298
5.88834
5.28815
5.75469
6.12389
6.51688
5.48118
4.6757
4.76884
4.61612
6.68129
5.98602
5.09626
4.81336
4.85025
4.91776
5.07154
6.31459
4.82833
4.26636
5.03407
3.65206
4.5872
5.44178
4.52157
4.44405
5.38235
5.27382
5.67746
3.36696
5.16935
3.61272
5.96746
5.0187
3.96967
4.32458
4.92557
5.80778
6.76068
5.16599
4.44131
4.8133
5.84008
6.17782
4.63035
5.72015
4.80459
5.95463
4.07889
4.96285
4.53903
4.65006
5.3367
4.18075
3.68167
4.85451
4.7447
4.92056
5.03703
5.42004
6.56696
5.25881
4.48824
5.22405
4.91631
6.07967
4.32059
6.26719
3.5477
4.95336
4.44276
5.08984
6.34587
5.76795
4.59198
4.86617
5.47883
5.53072
6.13579
5.20425
5.74196
5.07642
4.02981
4.03559
4.9263
5.72621
5.84534
4.32229
6.0737
6.42232
5.14074
5.30203
5.09548
3.30182
5.10027
5.79706
4.97327
7.19365
4.99583
4.48025
4.8093
6.01553
4.80474
5.34823
4.44415
4.42669
5.7957
7.18622
5.92844
5.55882
3.94567
6.25304
4.91319
6.01782
5.72952
4.29277
4.63657
4.49805
4.47481
5.50893
4.56004
4.35595
6.12401
5.48372
6.22541
4.68629
3.7502
4.95195
6.38006
4.08809
5.94712
3.39168
5.88136
5.33704
5.51321
6.38601
5.02577
5.02928
4.59521
3.60146
5.88913
4.56363
4.92453
3.52923
5.56712
4.89947
4.42926
4.81327
4.99997
4.1679
5.21694
3.86875
4.04542
5.01177
5.32348
6.5282
3.40665
4.81916
5.72447
5.65523
4.42985
4.33173
4.8503
4.84832
4.79793
5.53879
4.78077
5.92537
3.84526
5.70338
4.40047
3.72915
5.39238
5.37339
4.07844
5.0207
3.23719
6.85712
3.36707
4.98904
3.83562
6.16335
5.1473
6.11489
4.57375
5.56619
6.37359
5.83671
3.78165
3.20769
5.61649
4.08992
6.28042
5.39629
3.99738
3.98671
5.504
5.03771
4.58684
5.77637
4.6898
4.31044
3.0061
5.04444
5.63818
3.77969
5.79345
5.70235
4.34661
5.15775
2.64279
4.6242
5.90124
5.72884
5.64466
5.24493
5.51673
5.02957
5.73318
5.66344
4.14554
5.11487
5.23597
6.28113
6.2612
4.39242
5.03508
6.12311
4.57194
5.24826
5.91351
5.08426
4.59738
3.0706
4.56623
5.54968
5.7966
4.23715
5.56925
5.83205
7.59179
4.24271
7.15581
3.31118
4.50014
3.69081
4.47242
2.52069
4.17101
4.6026
4.61909
4.81442
4.02396
3.56831
5.48527
2.82768
4.51017
4.33783
3.51387
5.2446
4.9747
2.98537
6.98016
4.77151
4.45171
5.35238
5.96324
3.43881
4.32722
5.75962
6.13662
5.84381
6.09065
4.95965
5.10874
5.74643
4.66262
2.77296
4.78186
5.56334
5.03734
5.09793
3.92064
6.75193
5.83832
5.84587
4.93691
3.74617
5.20438
5.21413
4.68346
5.43721
3.33043
5.56865
4.99248
6.45014
6.24707
3.22814
5.90918
4.39424
4.2526
5.28146
5.5971
6.47424
5.53071
3.95602
4.51262
5.00598
5.96814
5.2244
5.51831
3.32891
4.60172
4.62711
4.87628
5.2576
6.07999
5.62722
5.64044
4.78612
5.12548
4.12212
5.70462
5.4233
5.18867
4.34368
4.77733
5.62882
5.30681
6.00969
6.23865
4.64009
4.88439
6.40532
6.08091
4.27619
4.80434
4.53376
4.78643
5.79591
7.1426
4.74031
4.52059
3.35512
3.35036
6.56805
4.21614
4.95972
6.06757
4.679
5.12281
5.07599
4.19906
5.0311
5.27068
5.49382
6.02294
3.8804
3.48936
6.76615
4.60226
5.75284
4.6946
4.45182
4.76336
3.6084
6.05648
4.37607
4.40034
5.96293
5.95112
5.81313
4.35163
5.22401
6.19813
5.84602
3.78574
4.65432
5.09345
3.97722
4.53109
4.31107
5.74044
5.04214
4.77254
5.88432
3.876
5.64508
4.93662
4.87311
5.56076
5.6696
5.22334
3.33309
4.06625
5.39344
4.32678
3.97116
3.88708
5.66175
7.11268
4.89113
4.29363
4.03269
4.84915
4.84556
6.24064
6.02541
4.26794
3.98015
3.30628
3.73099
5.55439
4.47594
6.17331
3.93085
5.74421
5.20642
4.18049
5.58799
5.13704
3.27255
4.02566
5.63341
5.23235
5.91895
4.49579
6.72656
6.44842
4.03567
5.80022
4.2403
3.52189
5.64662
4.77593
3.45632
4.68091
6.75977
4.71508
4.32056
3.86892
5.48711
4.6922
6.71644
3.97152
4.9316
5.72352
4.98297
4.5101
6.31438
6.51132
2.9225
4.17099
6.05589
4.21877
7.33707
4.78843
4.88301
4.75891
4.22904
3.77747
5.5442
4.27416
4.42711
4.43863
5.63364
5.34581
5.46824
6.22087
5.82179
5.14093
5.70039
3.1954
4.99593
5.14897
4.48643
6.3
6.01392
4.39868
4.37045
6.88102
5.82137
4.73976
4.15439
6.08457
4.28319
5.32021
5.94945
5.62449
4.42448
6.22021
4.67764
5.14736
4.30627
3.74722
4.99318
7.02847
6.1411
5.58109
5.34911
6.22951
5.15515
4.88806
4.63148
4.87493
5.4178
4.58868
6.16344
4.69228
5.72667
4.67321
4.79695
4.46581
4.55614
5.3758
5.5176
5.68087
4.90244
6.81776
5.28526
4.27588
6.39775
4.78291
4.03327
5.81956
5.52319
4.80605
4.90867
4.5132
5.4121
4.34969
4.13833
6.22393
4.89141
5.75041
5.48042
5.72981
3.9953
3.25686
3.83435
5.01358
4.55319
5.84645
5.64721
4.47848
6.22401
3.84679
6.30551
5.61623
5.4845
5.14647
4.53133
5.48214
3.26602
3.40028
5.7576
4.60584
4.30449
5.15926
4.3257
6.01778
4.67895
3.77933
6.20024
6.24329
5.14452
6.02493
5.1168
5.28588
4.70816
4.33437
5.48225
3.8091
3.97684
3.42678
5.70615
5.12619
5.29934
5.64681
5.4717
5.12159
5.44414
6.12881
5.66765
5.68445
4.13617
4.74492
4.95999
6.23993
3.92318
4.16674
4.9869
4.83691
5.91177
4.16591
3.87048
6.50125
4.83988
5.81036
5.32739
6.30116
7.22512
4.13933
4.84824
3.68891
5.93918
5.22208
5.5211
4.75721
5.23739
2.84453
2.63002
4.82208
4.71638
4.4782
6.66658
6.47368
3.48925
4.01618
5.86919
5.99731
5.22922
7.06077
5.66882
4.50232
5.52819
4.99201
4.66566
6.31467
4.95904
4.31781
4.5442
5.16862
5.38234
2.92882
3.68284
6.00545
4.96428
4.48998
4.03068
5.02985
4.13143
4.96344
4.76397
4.23666
4.48494
5.14381
4.93437
3.605
4.88738
4.85809
3.6605
5.62562
2.52866
4.58161
4.93954
5.92868
6.2745
4.95107
5.38576
3.55978
5.50583
4.64306
4.38841
3.46133
6.01927
5.11985
5.69384
4.22696
3.79932
5.81134
6.11522
6.0821
5.34514
5.72785
4.0393
5.02356
4.61205
3.30372
7.4051
6.46462
5.38555
5.39373
4.02315
5.70745
5.19953
4.57994
4.86248
4.27618
6.20822
4.99989
4.97846
3.71728
5.09214
5.83886
3.94876
4.19291
6.13543
6.65743
4.27851
4.10917
4.83371
3.58083
4.05386
4.71445
6.39945
4.77052
6.37189
4.38057
2.95293
5.35659
4.95894
5.71443
5.1234
6.38701
4.63781
5.02054
4.16044
4.24982
5.64093
6.07681
4.39975
4.24523
4.89337
4.52408
3.80828
5.3329
5.84458
4.88544
4.84869
3.9765
4.15976
5.58909
5.84987
5.65149
3.87922
5.61504
6.19291
4.55956
4.78748
5.40831
3.99643
6.37823
6.44456
4.67727
4.75829
4.17402
5.72797
6.32321
6.46481
4.58471
5.60941
7.31269
5.62378
3.24641
4.75294
5.40821
4.7363
3.62473
5.14217
4.54577
4.86887
4.90224
5.1928
4.25856
3.38236
4.66209
6.2448
4.23931
5.42692
4.38475
3.64244
4.3765
4.32268
4.52498
4.01883
5.97095
5.52819
4.1639
4.78454
7.36461
5.17257
4.69574
5.56348
4.09655
4.54784
4.40846
5.77053
4.70763
5.70689
4.78671
4.37473
5.33613
4.1117
5.39882
4.412
3.51941
5.47475
5.86265
6.11368
4.12015
4.11471
6.10422
4.23451
3.98929
4.17264
5.86288
4.75589
7.67282
4.85023
4.89939
6.07367
4.83919
3.96866
4.72644
5.09835
6.13618
4.30771
4.8218
4.46962
3.29445
4.58024
4.08535
6.07204
4.26431
4.01771
4.39715
6.52797
5.18256
3.80524
4.91115
4.44668
5.15507
6.30205
5.39077
3.53145
3.73485
5.3249
3.46533
3.95418
5.01074
6.65185
5.29427
6.10169
1.70903
5.36831
5.90534
3.43259
4.56758
4.80235
4.4295
4.24449
4.10946
4.29194
5.77047
5.18434
3.81634
4.8909
5.54989
3.70639
4.75293
4.29195
6.64274
4.11725
5.73442
6.01377
3.76546
5.39345
6.78132
4.96627
4.89145
5.52208
3.76512
3.1525
4.30359
6.81504
4.36021
5.43671
4.39481
4.84379
3.75957
3.81366
5.62482
6.24887
7.55522
6.75263
4.04621
4.64596
5.03609
5.16841
3.70741
5.87491
5.63397
5.78267
5.74544
5.26852
5.25701
4.91707
2.88901
6.28287
5.22934
4.48464
2.97563
5.9924
4.46222
5.53722
4.54708
5.58317
5.00088
5.58928
5.63628
5.37971
6.22134
3.94141
4.18282
5.77449
4.3309
5.32901
3.91335
4.48069
3.9759
5.00046
4.89026
6.60082
4.98721
6.0342
5.2696
4.74967
5.56149
5.75926
5.20229
5.32255
5.09607
4.29993
4.09043
5.77374
4.5631
5.88153
4.83193
5.29785
5.25444
2.84249
7.00038
4.42308
4.6675
6.03443
4.51131
5.25193
5.00519
5.03354
3.8085
5.71321
2.80143
4.98882
4.97124
3.50999
4.60611
3.95496
5.83184
5.80388
5.49542
5.12366
5.39693
4.0933
6.32641
5.38893
3.78505
5.6496
4.44097
3.24371
6.09147
4.84582
4.83967
5.29029
2.12085
4.70065
4.62416
3.86113
4.00195
4.7776
3.63723
6.32803
5.89377
5.66075
6.90606
3.70825
4.81452
4.72359
5.0424
4.04487
4.5061
4.43468
6.36022
4.51451
4.07327
5.99047
6.46745
4.88821
4.59977
4.31507
5.91438
6.32793
5.33762
5.07605
3.59638
4.86647
5.95082
5.54568
5.57984
5.98734
4.68984
5.25399
3.40969
4.51708
5.16
4.71581
4.33859
6.05341
5.35373
6.63472
3.84283
5.66157
4.04465
6.42765
5.23843
4.6876
4.05872
5.96443
3.88598
3.63247
5.57674
4.30835
4.29165
6.9731
4.92949
5.74781
6.54041
4.38606
4.42597
6.03308
3.75895
5.06974
5.00422
3.98639
4.59956
3.08043
5.09836
5.56932
4.79781
7.28709
4.53967
5.89759
4.44677
6.19389
5.16453
6.09249
6.28845
4.91032
4.31279
6.62378
5.41601
5.28944
3.97124
5.03164
5.55407
5.3124
4.77309
4.91781
5.59676
5.19435
4.39058
6.0274
5.29745
4.30475
4.14589
3.61014
4.32219
7.01093
5.2102
3.98461
4.02666
6.37206
5.81878
3.93271
4.22112
4.02394
5.39477
2.37001
4.28751
3.87669
3.62092
4.11231
4.39
5.63943
3.65932
6.62582
4.83215
3.7238
4.69737
4.33568
5.26571
5.81932
6.00499
6.31157
4.53438
7.21271
4.82583
5.61829
4.72762
5.30545
6.59016
5.26037
4.75314
4.63321
4.65225
4.81501
5.19521
4.80339
4.74142
5.43328
4.15831
4.84133
3.98605
4.29191
4.9354
5.58651
4.79337
5.85993
5.84631
5.78511
4.2617
3.69018
5.68019
3.91526
5.00727
5.77401
4.24201
6.10678
4.3142
3.98237
6.59484
4.09936
6.05572
4.37309
3.22098
3.59127
5.02838
4.54868
5.83274
4.77349
4.43395
5.51771
5.12687
3.58522
4.47185
5.48565
5.108
4.15923
4.74726
5.66462
4.67333
5.62064
5.27526
4.91719
6.18463
5.63671
5.00079
6.23962
5.60714
5.14789
4.42055
5.6458
4.56482
4.77881
4.69302
4.91244
4.36673
4.98433
4.91533
6.52766
4.49614
3.65422
4.51519
5.38574
4.02532
6.22716
5.80528
5.73407
4.20779
5.1667
4.72967
4.79061
4.5974
5.0381
6.05006
4.22453
4.54315
4.96581
4.26992
5.31027
4.63464
5.73973
3.3223
5.30151
3.15194
4.36563
3.96122
3.94798
5.95268
5.62686
5.4968
4.87183
3.96149
4.17707
6.32491
5.87876
5.98942
5.37902
4.88791
6.01027
5.08052
5.73332
4.33486
5.27541
5.14695
5.98105
5.53682
4.77072
4.74737
3.9104
5.65408
4.83288
6.54519
5.21143
4.68096
3.82817
4.01733
4.39152
5.85145
4.64947
5.23446
4.56456
4.24096
5.43605
3.61311
5.08647
4.30496
3.51058
3.39881
5.85369
6.17604
6.81077
4.66778
5.44021
4.79087
2.73591
5.03974
4.89504
4.61404
5.80703
4.25554
6.19305
4.80496
6.12126
4.84821
3.74803
5.03434
5.2609
4.72943
3.66321
4.5609
4.21533
4.92946
5.54582
5.87248
3.84181
4.58561
6.42046
6.71811
5.05286
4.80206
4.35126
5.4485
4.1568
3.22878
4.62232
5.1874
5.85211
5.25784
4.13098
4.7194
3.37835
3.80889
5.01857
6.94887
4.282
5.61053
4.14696
5.1625
5.59401
5.96483
6.29983
6.27025
5.30353
4.9506
4.76888
3.5283
4.7252
4.75087
4.67691
5.32473
6.35077
4.15637
5.14061
4.85585
5.48141
5.61139
5.26207
6.67977
5.26441
6.66393
4.46655
4.60786
3.82553
5.78298
6.31274
5.48075
5.86595
4.98381
4.50715
4.40299
2.60394
4.27972
5.51554
4.7645
3.39432
5.24118
5.8545
3.71506
3.93422
4.97538
4.26515
4.88296
6.18578
5.9654
4.32244
5.23431
3.30715
5.40918
5.56488
3.77235
4.0778
4.77658
5.18142
4.9643
6.60254
4.43852
5.02069
3.98671
4.54247
4.13741
3.93158
5.98836
5.75497
5.81386
2.74552
6.56149
4.48129
4.14497
4.93808
5.28772
6.26607
6.31478
5.70709
5.06167
5.6333
5.6978
5.13974
4.72944
5.33711
4.13464
6.94988
3.3981
5.69998
4.65936
5.00424
6.09916
5.30787
4.07551
5.61568
5.64898
4.86853
5.14105
6.87045
3.77961
4.54415
4.96717
4.65407
4.97315
4.68075
4.34528
5.46129
6.70215
3.83026
5.27552
4.77901
4.89358
4.54686
4.70204
5.02283
4.85886
4.20664
3.85829
4.44112
6.7016
4.88751
4.58724
5.42079
5.8869
6.16565
5.20978
4.98117
4.01679
4.66557
6.21258
6.12215
5.5959
5.5787
5.79895
5.14233
4.61326
3.80788
3.10063
4.91811
4.94888
5.76098
6.20258
3.02235
4.52525
4.95281
5.04483
6.18185
5.76648
5.08484
6.47788
5.55624
4.17767
5.95169
5.24214
5.30328
4.13092
5.47617
5.51162
5.76417
5.77035
5.90868
5.2256
5.40871
5.63304
5.64895
3.02185
5.64617
5.4247
4.98355
7.48927
6.72841
5.20392
5.49652
6.39566
5.32891
5.81583
3.49318
5.21177
5.38345
6.02549
5.43387
6.3697
4.85707
5.06113
5.04156
4.59543
5.35065
4.22847
5.05878
6.62265
4.18398
3.89142
5.01524
5.88324
6.06566
6.40222
5.09157
5.64324
6.3939
4.50595
3.66315
5.24463
4.13541
4.71614
6.08813
5.15554
3.20584
6.87786
4.60787
4.47034
4.57945
4.82641
4.9264
5.04396
4.57514
4.25774
6.09504
6.34074
5.17628
4.9562
5.79357
3.90186
4.30127
4.74732
6.46595
5.58295
6.32509
5.0563
6.13022
5.87303
6.05828
4.75182
4.82179
6.33665
4.19939
4.08758
5.23787
5.33911
5.60746
6.91972
4.87595
5.46211
5.90637
4.75282
4.61466
2.52968
4.70985
6.49652
4.48453
4.69535
4.54451
4.83424
4.92978
4.79843
5.93962
5.58778
4.73616
5.65117
5.62028
4.68661
4.62292
4.95638
4.34027
4.37198
5.59941
4.81528
4.98654
3.82836
5.38224
6.16526
7.37115
4.98874
5.94339
5.31995
7.11037
5.14693
3.92722
4.57719
5.04635
4.58209
4.59925
6.92417
4.36945
4.22958
6.55899
5.20062
5.15594
4.52935
5.08411
4.1521
5.98939
5.28486
4.53173
4.44669
5.62126
5.51739
5.02198
5.98685
6.31717
2.36823
5.20665
4.08392
5.87329
5.06779
4.60636
4.11917
3.24105
4.73337
4.7017
5.28396
4.52835
4.91198
4.43637
4.92602
4.31326
5.1794
4.79324
5.10837
4.76322
4.94747
6.03634
4.11731
5.1323
5.4274
4.25427
5.60144
4.26152
5.70056
4.7966
4.01947
6.35618
5.56001
5.42766
4.29543
4.76248
6.67905
3.86815
6.41311
6.30441
5.21863
5.45972
5.99666
4.59779
3.61686
3.72082
2.96045
5.13019
3.52401
6.15395
4.0211
5.10651
4.66145
4.7274
4.62974
4.70353
5.16243
5.90643
5.62732
5.39159
4.99886
4.70243
4.72977
4.52084
5.23702
5.47652
5.36359
5.75759
5.66046
5.51203
4.66446
6.33339
4.96831
4.48339
4.70012
4.28218
5.20246
4.81761
6.85801
4.96855
4.7392
4.66689
5.62378
4.33416
5.33207
5.48744
4.78931
4.7116
8.05234
5.64422
4.93313
4.95367
6.03194
4.36979
3.92655
6.09691
4.81011
4.32965
6.32097
5.15071
3.83207
5.5876
4.62509
5.23861
5.26254
5.78104
6.2624
5.49878
6.54813
3.76415
4.36875
5.44014
5.25225
5.62401
4.98442
5.43478
3.70918
2.31128
4.90027
3.63305
5.4963
5.11051
4.27662
3.0611
5.33434
6.03422
5.02177
4.56459
5.87538
4.40772
4.98169
6.03292
5.89082
5.30769
6.02664
5.7134
4.86605
4.7134
5.92218
5.62462
6.10136
5.73232
6.07656
6.06118
3.83426
6.42278
5.52405
4.32083
3.63587
5.23832
4.66606
5.77599
5.05657
5.72484
3.58123
2.76964
6.44377
5.94908
4.2516
6.03866
4.58152
5.12124
6.43992
5.14042
5.43252
3.52947
6.44163
4.38479
5.93933
4.95615
4.03937
3.81279
5.69273
4.18483
3.92489
4.56021
6.05803
4.69659
3.83482
4.24134
6.49224
5.53368
6.80369
5.83687
3.43206
4.74891
5.13401
3.85668
4.88034
4.53057
5.47216
6.36218
4.76769
3.24825
5.07358
3.00562
5.22031
4.85701
6.09223
5.5542
4.60657
4.70042
4.45548
5.88747
5.7429
4.20068
4.10003
5.142
4.39752
4.80582
4.63335
6.70746
4.99379
4.53392
4.62963
5.02912
4.8486
5.01472
5.78161
5.20509
4.49469
4.73438
6.9166
5.95593
5.71804
2.9278
4.06413
3.2443
4.73849
4.91913
5.85515
6.20233
3.94097
5.2526
4.32429
4.56111
4.78856
4.91703
5.41775
6.01686
5.98759
5.89095
5.36687
5.83797
4.98112
4.56678
4.61186
5.69368
5.9988
5.72211
5.96124
5.1295
3.97163
4.24513
5.19712
5.78112
4.16493
7.54284
3.02895
5.12741
4.88872
6.34623
4.3413
5.30348
5.15501
6.45772
6.85525
5.72854
3.22331
6.12037
4.66493
4.86757
4.51735
4.55918
5.87183
5.57013
3.82543
4.94866
5.05485
4.7663
4.06589
5.19336
6.23127
5.01157
4.68233
5.07048
5.14861
4.45782
5.72243
5.09578
5.08339
5.15586
4.54168
4.99792
4.67934
5.1554
5.9707
6.03015
3.73299
3.70376
4.56429
3.661
6.08602
5.62436
6.89597
5.40148
5.08681
4.08278
4.18809
5.45482
3.47165
4.91473
4.02601
5.97827
6.35104
5.54602
4.68151
6.14729
4.74449
4.80299
5.51648
5.18589
6.08306
5.00434
3.32404
4.4001
5.13318
5.10361
4.26778
6.04339
2.88771
4.72634
5.10048
5.25627
5.4419
4.85701
4.30855
5.3563
5.02086
5.08448
6.69242
4.61424
5.62789
5.44313
5.7629
5.12673
5.37928
5.37095
4.44382
4.85437
4.85597
5.1708
4.55339
5.49281
4.17892
4.91109
4.74995
6.4342
3.4943
4.9103
5.31281
4.99297
4.38392
6.31367
6.18669
5.78154
4.14773
5.24184
4.02532
4.24939
3.46618
4.52629
5.45199
4.58163
4.62818
5.50694
4.13978
6.58113
6.9209
4.76677
5.73637
4.93
4.49586
6.60125
5.84123
5.52515
5.94273
6.36645
4.88053
5.05049
6.07058
3.13042
3.56083
4.81986
5.43695
6.124
5.09686
4.7614
4.84367
5.12692
5.6843
3.586
5.84354
6.38561
5.08729
7.31337
4.60319
5.45369
5.19033
5.03728
4.33552
4.98884
4.84093
5.22908
4.64096
5.32551
5.3333
4.64073
3.82245
5.44429
5.40566
6.00746
5.24025
4.48891
2.98294
4.74988
5.94942
5.71122
4.54724
4.04206
6.61471
3.36797
5.01549
4.87172
4.37756
5.94889
5.2119
7.15832
5.91821
4.49308
5.80944
4.50516
5.92282
4.58583
5.97266
6.47845
5.19014
5.65026
3.87041
5.28908
3.74742
3.84096
4.38046
5.05708
4.49762
4.87044
5.49215
3.87949
4.83061
3.67888
3.72226
3.57881
3.93055
6.31144
5.80069
5.92621
6.81083
5.4628
6.17312
5.65524
4.57644
5.644
3.82422
5.56918
4.28069
3.11094
5.13121
5.1303
5.81615
3.80713
5.26411
4.48317
4.44834
3.22513
5.23007
5.19612
4.89601
4.87434
3.38744
4.39059
5.05387
5.85314
3.45438
5.07446
4.68588
4.82813
4.65213
4.74075
5.74016
3.82061
5.70304
5.70202
6.12613
4.329
5.41754
4.23301
5.5192
4.19592
3.98706
4.19903
4.90183
5.54594
4.50176
6.24005
5.70817
4.93743
5.77885
4.45384
5.49423
5.19562
3.83359
4.93841
4.68572
2.52722
4.99315
4.11836
5.3791
5.29891
4.02461
4.6661
4.80641
4.19103
6.85161
4.84793
5.63297
5.18105
4.21757
6.06849
4.42574
4.72826
5.25957
4.40603
5.3535
7.10802
4.18959
5.60455
5.35118
3.3043
3.54225
3.8335
4.23445
4.9859
4.21813
3.45827
5.76815
6.44541
5.53168
5.79799
4.25379
5.21458
4.5803
5.20757
5.33393
5.05963
5.16552
5.87066
5.80014
4.4941
6.39029
6.06804
4.81661
4.93081
4.5849
5.89439
3.11829
5.32612
4.27956
4.25305
6.19745
4.92866
5.75001
5.21166
5.70063
2.56845
4.23546
4.81521
4.5061
5.27101
4.76867
4.75098
3.41859
3.88411
4.41178
5.40293
6.10293
5.05784
4.59996
5.52597
5.36582
4.62033
5.53323
4.42543
5.23016
3.28211
3.63283
5.62381
5.89934
4.06121
5.83227
4.0566
5.70169
6.01829
5.60046
4.35509
6.55131
4.51022
5.2508
5.3905
6.05852
5.17927
5.28379
5.51989
5.0526
3.90077
4.72484
5.15633
6.44547
5.485
3.75576
3.89089
4.22525
4.39123
6.70522
4.73698
5.48758
4.62448
6.07937
3.25607
5.70395
4.45234
5.44778
5.41705
4.68702
4.77264
5.69311
4.38822
4.05916
6.2641
6.29692
4.60271
4.84889
6.34922
3.85989
5.38671
3.42392
5.63074
3.20368
3.60903
3.91773
5.55436
6.61568
4.7844
5.20788
4.90475
5.98028
3.4909
4.65782
6.4492
5.11139
4.19216
4.41635
5.79573
6.10685
6.12334
4.81838
4.5772
6.11518
4.53908
4.63055
3.76713
6.35624
6.29124
5.61567
4.51893
4.58046
4.35211
4.75726
5.57573
5.29264
4.81933
4.20403
4.53393
4.15481
7.00091
4.93854
4.16426
4.31874
5.42864
5.69582
4.81655
5.16381
6.16513
3.8055
3.84269
5.64546
4.50558
4.66652
4.92816
4.9378
5.32814
4.80016
3.95264
4.97194
5.23756
5.35718
3.55713
4.91702
4.6009
6.12421
4.62378
4.39971
5.88888
3.99455
4.916
6.35439
5.15351
5.50195
3.46281
4.36491
3.84486
4.74368
3.84144
4.98219
4.79849
5.15507
5.76501
4.2137
4.82648
2.81608
5.74954
5.3876
4.56581
5.2891
4.65618
6.87659
6.78884
4.11363
5.9584
5.92757
4.73887
6.73453
4.3689
3.44622
4.2443
4.04448
5.28958
5.0151
3.57561
5.89842
5.18346
3.75954
5.2669
4.90133
4.56745
5.48971
4.48875
3.85539
4.27487
5.83086
5.34583
5.45728
4.81782
4.86801
4.48559
3.18495
6.77382
5.1685
5.30708
4.656
4.66279
4.16898
5.33763
6.34637
5.02001
5.78926
4.84434
4.62354
5.64428
5.01918
4.06744
4.93733
6.24803
5.99893
4.46462
4.67651
6.44364
5.6721
4.57308
4.90277
4.71459
5.93203
4.50674
4.51994
6.29747
4.80988
7.02363
6.01874
5.46151
4.20911
4.70547
5.03148
4.80851
5.55121
3.89085
4.69946
6.24863
4.35034
3.30768
6.69318
3.96948
4.51919
4.61345
3.99358
6.0764
5.52656
4.82389
4.98006
4.69311
5.70222
4.65647
5.70621
5.56703
5.3311
6.04609
5.06808
4.40698
5.45102
6.62972
4.97015
3.63094
4.06039
3.67473
3.76108
3.99371
5.03846
5.12094
3.87246
5.95089
4.0234
3.63067
4.90145
4.03187
6.17813
4.80625
6.25756
4.83322
6.36748
4.89533
5.30537
5.44664
6.19361
2.77871
5.89144
5.10978
6.20178
4.41762
2.86769
4.33791
6.26115
4.52492
3.98263
5.91486
5.16596
3.28283
5.65716
6.03102
5.36988
4.1385
5.20431
4.7913
5.10242
5.4567
5.80599
4.6451
4.65161
6.03753
4.96349
5.73828
4.09848
5.65263
4.62068
4.79335
4.10294
3.87377
4.32119
5.26062
5.71894
3.36007
6.19415
5.53708
6.71553
4.57018
4.92171
2.90994
6.30515
5.31169
4.80837
5.12248
5.83384
3.60308
3.83835
5.27931
6.01243
3.84392
4.9143
4.44591
4.26573
5.72527
5.20315
5.62842
4.34659
5.88019
4.87102
6.23217
4.92908
5.30395
6.63852
5.79318
4.13474
4.44917
5.20064
3.20556
3.91737
3.65513
4.46299
4.21831
6.8718
4.84273
5.24665
3.09013
5.08503
5.14508
6.01471
6.34069
4.11178
5.95555
5.25954
5.62173
6.98479
5.25737
5.2939
4.58421
4.64651
6.83023
5.22426
5.0332
6.05244
5.13389
5.10499
6.14313
4.0968
4.24472
6.44584
5.45145
4.14623
4.43828
6.62009
5.04276
4.29725
7.21898
4.22454
4.31237
5.42142
5.15331
6.57468
6.06679
4.84411
5.77627
4.59337
6.47167
5.67132
4.3976
5.43371
5.02804
4.516
5.60708
3.55033
5.55997
5.31976
6.75252
4.10544
3.85646
4.16664
5.79155
3.44608
4.28753
6.85503
5.80766
5.38096
4.59557
5.9032
4.72779
4.4961
3.37768
4.61499
6.98285
5.3876
4.52086
5.0354
3.67117
3.89202
5.19284
5.6182
5.36595
6.77832
3.92708
4.37042
4.10497
2.30317
5.37958
4.64755
3.91438
5.0066
5.06123
4.77263
5.07555
5.02617
5.50804
5.56519
4.61858
4.84195
4.6032
6.02462
2.93313
4.14526
5.60568
5.51674
6.97407
4.36198
3.7171
4.34182
6.61241
5.08845
5.47614
5.38949
5.41804
4.63535
2.71447
3.66466
3.4051
5.74833
5.08733
3.57345
3.81014
6.06367
5.39247
3.22959
4.08865
4.69084
2.81159
3.85529
4.36126
5.14483
5.04686
5.65508
5.29127
5.80732
6.36984
5.16762
6.03537
5.96404
4.66176
5.25603
6.12639
4.94743
3.86726
5.5665
5.92169
4.16457
5.91425
5.25449
5.08448
5.11027
6.20616
5.13772
3.70774
4.66949
6.32075
6.01187
5.14523
3.39444
4.8651
5.88604
3.84681
5.96666
6.13643
4.17892
4.53776
4.4876
5.69682
6.06019
6.01987
4.75521
4.86233
5.63165
3.60417
5.09384
6.51027
5.75403
4.23301
5.03685
4.18814
3.21145
4.43581
4.82643
4.82663
4.28224
3.08069
4.60344
5.04789
5.34359
4.504
6.89764
5.75175
4.64677
4.5715
5.93709
3.89045
4.31947
5.53798
4.80644
5.69895
5.19763
6.38017
4.9924
4.95708
3.97489
5.15452
3.93173
6.19497
5.71905
5.29259
5.13314
4.91606
5.70355
5.98136
5.08101
4.47379
4.13898
5.42481
4.69762
4.33646
5.02243
5.20963
5.5365
5.83699
5.39693
5.18076
4.27412
5.07184
4.00394
5.47095
4.34997
6.34141
5.91859
3.44238
5.27428
3.85483
5.72387
4.4566
5.15225
5.28074
5.69013
4.99392
5.98095
4.76878
3.94059
5.16495
4.7131
4.74403
5.14339
5.80593
5.71916
4.78238
3.95913
5.70165
3.77048
6.19976
5.36864
5.44249
3.3574
5.7464
6.19379
5.38206
4.84325
4.20777
4.19148
3.6504
5.22991
5.78816
5.804
5.0842
5.46345
4.89613
5.97212
4.95259
4.59918
4.96866
6.16024
4.49764
4.80222
5.70598
4.11312
5.2674
5.94937
4.09205
5.88117
6.17269
5.35008
6.14468
7.08682
4.06546
6.28516
5.45691
5.0458
5.21193
5.38074
4.91196
4.75924
4.95986
5.24253
5.33659
5.48139
5.20042
4.47111
5.58254
5.29071
3.92629
4.94454
4.9676
4.79508
4.56606
6.05778
5.46531
3.48054
4.14679
3.54716
5.09819
4.67172
5.02672
4.04804
4.94384
7.40213
6.23954
5.88147
5.67305
4.95595
3.16864
4.92894
5.35961
4.54802
4.75102
3.91384
4.82294
3.31201
7.34497
4.83822
3.17189
4.86262
3.08306
5.00062
5.99974
3.66336
4.26284
5.17979
5.44829
3.75392
4.97183
3.14238
4.64443
5.45188
5.07241
3.97876
6.02067
5.07299
6.74111
4.74671
4.71458
4.62914
4.60518
5.84784
6.00265
4.91125
5.10587
5.21708
6.64642
5.09101
6.17857
5.49544
5.36187
5.90534
4.69943
5.29056
6.1967
3.94471
4.47773
5.51614
5.96578
4.53209
3.58352
6.42695
5.44073
4.53035
3.99165
5.40407
4.94126
5.82945
5.52083
5.07805
5.38848
5.15396
4.45347
5.40248
5.29776
5.49138
5.41668
3.62039
3.7041
3.62674
4.52712
4.96695
6.65531
5.12139
5.6172
5.70358
4.48208
5.40206
5.74085
3.24976
4.4324
4.9777
2.77503
3.99656
4.80823
6.31219
4.98714
7.48291
6.4351
3.04629
6.19595
4.42138
4.43821
5.44073
5.05188
5.28548
5.16539
6.88043
4.59992
4.85382
5.53459
3.49983
5.8751
4.22746
4.16476
4.30295
6.08516
5.24236
7.64796
5.14872
5.5304
5.4965
3.60438
4.1897
4.9404
4.81663
4.28674
5.61337
5.24178
4.95446
3.74886
4.88802
4.47566
5.94815
4.86799
4.21724
5.7583
4.70548
5.55329
4.04917
4.72489
4.15204
4.12771
5.20782
3.5108
6.19144
3.74307
5.98221
4.39345
3.89386
5.73552
5.66219
5.05949
3.3733
5.43643
6.52291
5.31065
5.06854
4.47156
5.73043
4.95398
4.96812
5.64911
4.9112
4.25135
6.15723
5.70266
2.74231
3.88251
4.59809
6.31154
5.40696
4.83082
5.09209
6.11164
4.03187
5.11851
5.50979
6.56598
3.83509
4.93994
6.53377
4.89284
4.00434
6.09355
5.48713
5.41289
6.20215
3.96544
5.14892
6.34243
4.25533
5.87508
4.96649
4.42497
4.28393
5.06278
5.28267
5.80186
5.96886
5.84054
6.60284
4.82585
3.92541
4.83937
5.35101
7.05724
5.21209
4.90338
3.06291
3.9908
5.01951
5.47943
4.69346
4.21211
4.77768
5.95457
4.18749
4.56853
5.06438
6.06783
6.00963
6.26867
5.68859
4.45013
3.29703
5.25536
4.06453
5.88136
3.93333
6.70897
3.97812
3.44857
5.60952
6.10441
4.85673
4.87088
5.14659
5.20842
5.29472
4.66918
4.97614
5.78622
4.97867
5.99438
6.27898
5.09132
5.89291
4.62866
3.14124
4.35912
3.98789
5.21678
3.30909
3.53668
4.6853
5.004
4.70136
4.5168
4.93788
6.42948
5.12751
5.82953
6.1435
6.39876
6.02245
4.60265
5.88451
3.70347
4.64079
6.74286
5.96953
4.69307
5.95271
5.38632
2.66762
5.84297
7.03069
3.4898
5.81641
5.16269
4.93882
3.36736
5.69799
4.96357
3.7318
4.79868
4.53281
4.92325
4.1656
4.4152
5.48779
5.38101
4.46699
5.58043
3.67703
4.43445
4.76757
5.38811
4.4846
5.35834
4.30778
5.07127
4.8667
3.77113
6.10901
5.57716
4.95872
5.38769
3.86395
3.57959
4.87065
5.74815
6.19274
4.94029
7.66687
5.37422
4.19094
5.73157
4.5681
4.6803
4.48571
4.67236
6.00187
4.09115
3.77163
5.0532
4.42255
2.29852
4.565
5.57271
4.07762
3.91605
4.77588
5.00819
4.60865
3.7193
5.18584
4.89412
6.70597
5.2002
3.98334
4.5917
5.01109
5.91673
4.43704
4.72338
5.24652
5.3939
5.39585
4.45359
6.761
4.34824
3.4786
3.88607
6.02343
5.18162
4.19655
3.86663
5.09804
5.15236
5.59135
5.35673
5.08835
5.90149
4.46819
6.05287
4.4197
5.35967
4.40774
4.51567
5.06428
6.312
4.97797
4.12176
4.2425
4.39327
6.01686
5.95213
4.9292
6.1179
5.53236
6.20988
5.77259
4.66432
2.65757
5.96635
6.29372
4.43861
4.44363
3.85269
6.1512
3.63969
4.98315
5.34767
7.18806
4.0503
6.19611
5.23766
3.50701
4.8006
5.73153
5.28319
5.27546
3.99622
4.64373
6.10195
5.12484
4.87948
4.71394
4.98437
5.20629
3.84697
5.3973
4.81347
4.97383
5.86001
4.97682
4.5361
5.76759
3.5447
5.9747
4.70503
6.00951
5.50805
5.55308
4.10504
5.03466
3.82983
5.29946
5.54226
5.72972
5.2016
6.34234
4.37148
4.82951
4.3253
3.77974
3.78484
3.84346
4.30391
4.56844
4.12536
5.60565
6.02247
4.48384
5.53113
5.54891
4.28648
4.85989
4.73048
5.66169
5.73063
4.63075
5.36489
3.95629
5.41022
4.94668
4.74368
4.38326
5.30912
4.46549
5.08437
6.34591
6.06176
5.07194
5.06291
6.71242
4.36124
5.08647
4.56102
6.177
3.60748
4.56984
5.03134
6.77858
4.49445
5.6442
5.85378
3.24837
6.0072
5.73192
6.24875
6.13308
6.13456
5.21831
4.98609
5.6239
4.88363
4.73169
5.40481
4.49011
5.29924
4.88056
2.97666
4.60947
6.18098
3.50895
5.50374
5.78285
4.16069
6.03184
4.72045
4.74968
4.30907
3.7708
5.32224
5.81677
4.00744
4.22268
3.00834
5.54057
6.02625
4.80429
5.18965
6.37068
4.60729
4.95204
5.02183
4.96223
4.66535
4.68823
5.69765
4.43391
4.46338
3.28135
5.22414
6.00465
5.04523
4.9651
4.35724
4.82407
5.50974
5.89172
4.39877
5.13271
4.78951
6.16833
5.32269
3.80038
5.17773
5.48824
6.07212
4.87593
4.33503
2.43307
4.8556
4.57787
3.04115
6.70309
4.36812
6.04289
5.03784
4.94504
4.87225
6.07664
5.11572
3.56505
5.05634
5.4348
6.40955
2.44072
4.78446
6.03026
5.7262
5.40334
4.08025
5.10521
4.9773
4.18557
3.91558
5.29474
3.58607
6.20815
6.08894
4.42199
4.96185
4.99586
4.93897
4.00683
6.20535
4.49523
5.86745
5.0986
4.99541
5.16426
5.62861
5.1007
4.3927
4.89223
5.96713
5.14828
2.91682
3.8192
3.58409
4.81953
5.93602
5.35507
4.99598
6.98162
5.47855
3.27202
5.1004
5.09475
5.92443
4.46382
6.49483
3.45199
4.74161
4.2186
4.7378
3.7541
3.34224
5.62154
3.73502
6.78987
5.63222
3.36465
5.83844
4.67344
4.04796
5.64414
4.7156
6.17911
5.05568
5.45045
4.39051
4.25716
4.80068
5.89573
4.98401
5.16406
5.0522
4.99788
5.6248
5.00941
4.60538
4.90091
4.79195
5.86358
4.60327
3.91046
5.66028
4.62486
5.04133
6.44351
5.70167
7.15866
4.75157
2.86497
5.01585
2.75682
4.74256
5.41305
4.86057
4.73352
3.94861
4.00601
4.6262
4.2757
3.72488
4.64173
4.49916
4.82869
6.03686
5.98648
6.08292
5.76018
4.43169
6.20578
4.67169
7.42211
4.7246
6.42105
3.95474
5.86744
3.76514
4.25149
6.8174
4.52866
5.1721
5.84449
6.31743
4.0587
4.05179
5.54875
4.68716
4.81779
6.00169
7.18221
7.05031
4.80374
3.38364
5.10954
5.66648
6.00528
5.48368
5.78573
6.08043
4.22048
5.96147
4.69666
6.67554
